<?xml version="1.0"?>
<opencv_storage>
<H_lc type_id="opencv-matrix">
  <rows>4</rows>
  <cols>4</cols>
  <dt>d</dt>
  <data>
    9.9984411257784078e-001 1.5102788833930712e-002
    9.1463825017175076e-003 -7.9141501543613133e+000
    1.5102788833930712e-002 -4.6319842488222585e-001
    -8.8612590807179448e-001 7.6674395487320396e+002
    -9.1463825017175076e-003 8.8612590807179448e-001
    -4.6335431230438506e-001 4.0092961359959878e+002 0. 0. 0. 1.</data></H_lc>
<H_cw1 type_id="opencv-matrix">
  <rows>4</rows>
  <cols>4</cols>
  <dt>d</dt>
  <data>
    9.9995187515772888e-001 -5.2431850304998084e-003
    -8.2919466518812865e-003 -7.2968854316599661e+001
    -5.2431850304998067e-003 4.2875679240238102e-001
    -9.0340473874092408e-001 -3.2215134085681207e+001
    8.2919466518812865e-003 9.0340473874092408e-001
    4.2870866756010995e-001 0. 0. 0. 0. 1.</data></H_cw1>
<H_lw type_id="opencv-matrix">
  <rows>4</rows>
  <cols>4</cols>
  <dt>d</dt>
  <data>
    9.9979264983705640e-001 1.0182988305512619e-002
    1.7634173668389444e-002 -8.8227290997277734e+001
    -9.4959409072537960e-003 9.9920900208783492e-001
    -3.8616023266497490e-002 6.5628672874156905e+001
    -1.8013451587163144e-002 3.8440563156677598e-002
    9.9909851299364560e-001 -8.6449649895420862e+002 0. 0. 0. 1.</data></H_lw>
<H_cw type_id="opencv-matrix">
  <rows>4</rows>
  <cols>4</cols>
  <dt>d</dt>
  <data>
    9.9995187515772888e-001 -5.2431850304998084e-003
    -8.2919466518812900e-003 -7.2968854316599661e+001
    5.2431850304998067e-003 -4.2875679240238113e-001
    9.0340473874092397e-001 3.2215134085681179e+001
    -8.2919466518812900e-003 -9.0340473874092397e-001
    -4.2870866756011017e-001 -1.1368683772161603e-013 0. 0. 0. 1.</data></H_cw>
<H_wc type_id="opencv-matrix">
  <rows>4</rows>
  <cols>4</cols>
  <dt>d</dt>
  <data>
    9.9995187515772910e-001 5.2431850304998093e-003
    -8.2919466518812917e-003 7.2796432793201390e+001
    -5.2431850304998102e-003 -4.2875679240238140e-001
    -9.0340473874092420e-001 1.3429868352743668e+001
    -8.2919466518812882e-003 9.0340473874092420e-001
    -4.2870866756011017e-001 -2.9708358639420844e+001 0. 0. 0. 1.</data></H_wc>
</opencv_storage>
