<?xml version="1.0"?>
<opencv_storage>
<calibration_time>"10/18/17 21:10:30"</calibration_time>
<nr_of_frames>5</nr_of_frames>
<image_width>640</image_width>
<image_height>480</image_height>
<board_width>13</board_width>
<board_height>9</board_height>
<square_size>100.</square_size>
<!-- flags: -->
<flags>6144</flags>
<fisheye_model>0</fisheye_model>
<camera_matrix type_id="opencv-matrix">
  <rows>3</rows>
  <cols>3</cols>
  <dt>d</dt>
  <data>
    2.6336402318299201e+002 0. 3.0153465010193150e+002 0.
    2.6330611795453069e+002 2.4338410054737611e+002 0. 0. 1.</data></camera_matrix>
<distortion_coefficients type_id="opencv-matrix">
  <rows>5</rows>
  <cols>1</cols>
  <dt>d</dt>
  <data>
    -1.1899496791839673e-002 -7.1175492732179116e-002
    2.1178875080444897e-004 -3.1499634141037323e-004
    2.2971247752364393e-002</data></distortion_coefficients>
<avg_reprojection_error>2.3764265725778860e-001</avg_reprojection_error>
<per_view_reprojection_errors type_id="opencv-matrix">
  <rows>5</rows>
  <cols>1</cols>
  <dt>f</dt>
  <data>
    2.38270417e-001 2.32232392e-001 2.39000052e-001 2.43625477e-001
    2.34927848e-001</data></per_view_reprojection_errors>
<extrinsic_parameters type_id="opencv-matrix">
  <rows>5</rows>
  <cols>6</cols>
  <dt>d</dt>
  <data>
    6.6663317465996449e-002 2.3297118542443481e-002
    -4.7694094144176387e-003 -6.5016460058271502e+002
    -2.2347267375722549e+002 9.2575549080713279e+002
    6.7175380277118363e-002 1.8102750060046710e-001
    6.5496333659885220e-002 -6.4699520575829331e+002
    -2.7182551926679309e+002 1.0255078908909907e+003
    6.6050205380347352e-002 -1.3449244383373721e-001
    -7.5017638196066855e-002 -6.3429034819403512e+002
    -1.7566461031798644e+002 8.2682306528908282e+002
    2.3956967192646550e-001 2.3424018191805902e-002
    -6.8546579368008679e-003 -6.5161088548037446e+002
    -1.7664621099157785e+002 8.6411540782425152e+002
    -1.0645583745719051e-001 2.3100337019700504e-002
    -2.9181647774265016e-003 -6.4869382559754592e+002
    -2.5880594440910181e+002 9.9460319718296205e+002</data></extrinsic_parameters>
<image_points type_id="opencv-matrix">
  <rows>5</rows>
  <cols>117</cols>
  <dt>"2f"</dt>
  <data>
    1.19327919e+002 1.80935593e+002 1.46162292e+002 1.80080139e+002
    1.72593109e+002 1.79342178e+002 2.01054489e+002 1.78847412e+002
    2.28433167e+002 1.78416504e+002 2.57555878e+002 1.78157776e+002
    2.85753937e+002 1.77847107e+002 3.15352051e+002 1.77682983e+002
    3.44054382e+002 1.77418030e+002 3.73721100e+002 1.77101486e+002
    4.02353271e+002 1.76981888e+002 4.31846741e+002 1.77089203e+002
    4.59722321e+002 1.77007553e+002 1.20484627e+002 2.08680054e+002
    1.46387756e+002 2.08408813e+002 1.73986847e+002 2.07896820e+002
    2.01231812e+002 2.07486877e+002 2.29818054e+002 2.07092834e+002
    2.57633362e+002 2.06828018e+002 2.86595276e+002 2.06658737e+002
    3.14938202e+002 2.06600372e+002 3.44280304e+002 2.06523560e+002
    3.72797577e+002 2.06268646e+002 4.02267395e+002 2.06062210e+002
    4.30653503e+002 2.05734329e+002 4.59545898e+002 2.06089905e+002
    1.21409851e+002 2.36697739e+002 1.48026688e+002 2.36329941e+002
    1.74338730e+002 2.36272354e+002 2.02513367e+002 2.35913162e+002
    2.29942932e+002 2.35860184e+002 2.58451111e+002 2.35641205e+002
    2.86511047e+002 2.35536606e+002 3.15354584e+002 2.35384186e+002
    3.43711609e+002 2.35338181e+002 3.72969238e+002 2.35185150e+002
    4.01337341e+002 2.35002136e+002 4.30587463e+002 2.34914810e+002
    4.58267822e+002 2.34730713e+002 1.23278282e+002 2.63819580e+002
    1.48836426e+002 2.63992828e+002 1.75804642e+002 2.63944977e+002
    2.02842361e+002 2.64108185e+002 2.30903580e+002 2.63997986e+002
    2.58727600e+002 2.64058746e+002 2.87074219e+002 2.63783386e+002
    3.15114655e+002 2.63817230e+002 3.44003052e+002 2.63846802e+002
    3.72185364e+002 2.63677429e+002 4.01140564e+002 2.63709229e+002
    4.29252167e+002 2.63424042e+002 4.57698151e+002 2.63452850e+002
    1.24720612e+002 2.90741333e+002 1.50380432e+002 2.91163116e+002
    1.76762314e+002 2.91461914e+002 2.04002640e+002 2.91552856e+002
    2.31331757e+002 2.91772247e+002 2.59377289e+002 2.91667603e+002
    2.87204071e+002 2.91803345e+002 3.15379120e+002 2.91809021e+002
    3.43512451e+002 2.91740448e+002 3.72033234e+002 2.91790802e+002
    4.00237335e+002 2.91586090e+002 4.28631622e+002 2.91549774e+002
    4.56280701e+002 2.91107361e+002 1.26596397e+002 3.17353668e+002
    1.51917984e+002 3.18061340e+002 1.78049484e+002 3.18422943e+002
    2.04917389e+002 3.18888397e+002 2.32096054e+002 3.19102081e+002
    2.59714874e+002 3.19350647e+002 2.87455872e+002 3.19335693e+002
    3.15335571e+002 3.19405090e+002 3.43424469e+002 3.19485809e+002
    3.71537903e+002 3.19423492e+002 3.99535004e+002 3.19359650e+002
    4.27435028e+002 3.18966858e+002 4.54770020e+002 3.18611572e+002
    1.28871078e+002 3.42908508e+002 1.53489655e+002 3.43825226e+002
    1.79602432e+002 3.44736877e+002 2.05700134e+002 3.45233795e+002
    2.33064957e+002 3.45809845e+002 2.60174194e+002 3.46111115e+002
    2.87922485e+002 3.46345428e+002 3.15243408e+002 3.46455261e+002
    3.43333771e+002 3.46426544e+002 3.70757935e+002 3.46479858e+002
    3.98789215e+002 3.46111450e+002 4.26028870e+002 3.45797729e+002
    4.53471832e+002 3.45221649e+002 1.30867584e+002 3.67684967e+002
    1.55758118e+002 3.69080078e+002 1.80759933e+002 3.70230347e+002
    2.07335815e+002 3.71172363e+002 2.33555649e+002 3.71670410e+002
    2.61027222e+002 3.72308075e+002 2.87858032e+002 3.72555115e+002
    3.15484467e+002 3.72641907e+002 3.42605652e+002 3.72733093e+002
    3.70566528e+002 3.72582672e+002 3.97513336e+002 3.72333160e+002
    4.25049561e+002 3.71750854e+002 4.51045593e+002 3.71016113e+002
    1.34038940e+002 3.91780853e+002 1.57597794e+002 3.93406281e+002
    1.83129669e+002 3.94914520e+002 2.08397369e+002 3.95859070e+002
    2.35003891e+002 3.96894714e+002 2.61253937e+002 3.97506409e+002
    2.88508606e+002 3.97877563e+002 3.15079559e+002 3.98061829e+002
    3.42648590e+002 3.98143829e+002 3.69236969e+002 3.97840485e+002
    3.96767853e+002 3.97658722e+002 4.23007843e+002 3.96889771e+002
    4.49572906e+002 3.95986938e+002 1.36822281e+002 1.74586670e+002
    1.58980392e+002 1.74640930e+002 1.81283356e+002 1.74861877e+002
    2.05881042e+002 1.75247467e+002 2.30063309e+002 1.75855286e+002
    2.56946503e+002 1.76557144e+002 2.83728302e+002 1.77316940e+002
    3.12788940e+002 1.78255783e+002 3.41863251e+002 1.79212341e+002
    3.72961975e+002 1.80109573e+002 4.04254211e+002 1.81070236e+002
    4.37288391e+002 1.82275009e+002 4.70079346e+002 1.83573456e+002
    1.36287048e+002 1.99660675e+002 1.57721390e+002 2.00560547e+002
    1.80875000e+002 2.01469147e+002 2.04404358e+002 2.02476013e+002
    2.29909439e+002 2.03388199e+002 2.55250748e+002 2.04663879e+002
    2.82734802e+002 2.05879074e+002 3.10446259e+002 2.07482483e+002
    3.40270264e+002 2.08950607e+002 3.70167419e+002 2.10350159e+002
    4.02039307e+002 2.11926254e+002 4.34147003e+002 2.13476425e+002
    4.67528595e+002 2.15480194e+002 1.35585037e+002 2.25179550e+002
    1.57538483e+002 2.26297073e+002 1.79589355e+002 2.27842056e+002
    2.03876633e+002 2.29359177e+002 2.28256897e+002 2.30989517e+002
    2.54285751e+002 2.32722275e+002 2.80794159e+002 2.34593781e+002
    3.09026733e+002 2.36469193e+002 3.37647491e+002 2.38464523e+002
    3.68190247e+002 2.40537827e+002 3.99155029e+002 2.42514191e+002
    4.31675079e+002 2.44747238e+002 4.64148376e+002 2.46919708e+002
    1.35724976e+002 2.49799500e+002 1.56613403e+002 2.51708832e+002
    1.79371902e+002 2.53725616e+002 2.02555069e+002 2.55899841e+002
    2.27426041e+002 2.58085083e+002 2.52717087e+002 2.60269501e+002
    2.79645233e+002 2.62505707e+002 3.06922852e+002 2.64994141e+002
    3.35961884e+002 2.67508972e+002 3.65567963e+002 2.70078979e+002
    3.96757843e+002 2.72717621e+002 4.28369934e+002 2.75385956e+002
    4.61228455e+002 2.78251831e+002 1.35468796e+002 2.74243103e+002
