<?xml version="1.0"?>
<opencv_storage>
<LaserCamera type_id="opencv-matrix">
  <rows>4</rows>
  <cols>4</cols>
  <dt>d</dt>
  <data>
    9.9984411257784078e-001 1.5102788833930712e-002
    9.1463825017175076e-003 -7.9141501543613133e+000
    1.5102788833930712e-002 -4.6319842488222585e-001
    -8.8612590807179448e-001 7.6674395487320396e+002
    -9.1463825017175076e-003 8.8612590807179448e-001
    -4.6335431230438506e-001 4.0092961359959878e+002 0. 0. 0. 1.</data></LaserCamera>
</opencv_storage>
