<?xml version="1.0"?>
<opencv_storage>
<calibration_time>"06/12/18 10:07:01"</calibration_time>
<nr_of_frames>5</nr_of_frames>
<image_width>640</image_width>
<image_height>480</image_height>
<board_width>12</board_width>
<board_height>8</board_height>
<square_size>30.</square_size>
<!-- flags: -->
<flags>6144</flags>
<fisheye_model>0</fisheye_model>
<camera_matrix type_id="opencv-matrix">
  <rows>3</rows>
  <cols>3</cols>
  <dt>d</dt>
  <data>
    2.6238774556684535e+002 0. 3.2158301517493550e+002 0.
    2.6079759598356412e+002 2.3853025617435159e+002 0. 0. 1.</data></camera_matrix>
<distortion_coefficients type_id="opencv-matrix">
  <rows>5</rows>
  <cols>1</cols>
  <dt>d</dt>
  <data>
    -3.0455993295131320e-003 -1.0248961625384913e-001
    -9.1419236870098368e-004 -2.2229686472362181e-004
    5.1625750302074246e-002</data></distortion_coefficients>
<avg_reprojection_error>1.7864007117868019e-001</avg_reprojection_error>
<per_view_reprojection_errors type_id="opencv-matrix">
  <rows>5</rows>
  <cols>1</cols>
  <dt>f</dt>
  <data>
    1.86783433e-001 1.79993689e-001 1.95626900e-001 1.56509548e-001
    1.71786115e-001</data></per_view_reprojection_errors>
<extrinsic_parameters type_id="opencv-matrix">
  <rows>5</rows>
  <cols>6</cols>
  <dt>d</dt>
  <data>
    -2.6683888411169099e-001 1.6071740734218500e-002
    1.4735874324113956e-002 -1.5236313641819442e+002
    -1.5434094208342407e+002 3.1623858834967035e+002
    3.8289917869621134e-003 1.2668763223098647e-002
    1.2848588499112634e-002 -1.5271094724365528e+002
    -1.1279885800648053e+002 2.8020816085645617e+002
    2.6899665335476852e-001 9.4667511361526072e-003
    1.1257495676596022e-002 -1.5296712621158215e+002
    -6.3904947045263100e+001 2.5717518567595465e+002
    2.7799540242853561e-003 2.5282926520781729e-001
    1.2018643614754966e-001 -1.7537186314490012e+002
    -1.3125318551054889e+002 3.2157805116271805e+002
    6.4726225084461141e-003 -2.1764326629559105e-001
    -9.0467951885399869e-002 -1.2062007861168931e+002
    -9.7800955605930525e+001 2.4654833963097244e+002</data></extrinsic_parameters>
<image_points type_id="opencv-matrix">
  <rows>5</rows>
  <cols>96</cols>
  <dt>"2f"</dt>
  <data>
    1.97367676e+002 1.13667679e+002 2.21184982e+002 1.13283669e+002
    2.45432816e+002 1.12701271e+002 2.69905212e+002 1.12498596e+002
    2.94656677e+002 1.12327957e+002 3.19590454e+002 1.12287064e+002
    3.44618103e+002 1.12455177e+002 3.69568878e+002 1.12555984e+002
    3.94657013e+002 1.12816917e+002 4.19511719e+002 1.13431770e+002
    4.44078033e+002 1.14178543e+002 4.68017944e+002 1.15095551e+002
    1.93300507e+002 1.34178223e+002 2.17790070e+002 1.33652786e+002
    2.42767380e+002 1.33517990e+002 2.67955536e+002 1.33344437e+002
    2.93526367e+002 1.33354294e+002 3.19194794e+002 1.33397202e+002
    3.44722992e+002 1.33463943e+002 3.70625275e+002 1.33577789e+002
    3.96361206e+002 1.33924881e+002 4.22050995e+002 1.34285507e+002
    4.47292480e+002 1.34969925e+002 4.72184967e+002 1.35773773e+002
    1.89116074e+002 1.55673050e+002 2.14338165e+002 1.55536453e+002
    2.40143372e+002 1.55414047e+002 2.66017090e+002 1.55575226e+002
    2.92352356e+002 1.55548126e+002 3.18527740e+002 1.55609222e+002
    3.45142212e+002 1.55748230e+002 3.71583496e+002 1.56123642e+002
    3.98178711e+002 1.56326599e+002 4.24539642e+002 1.56661667e+002
    4.50699615e+002 1.57273773e+002 4.76137878e+002 1.57991516e+002
    1.84819626e+002 1.78938477e+002 2.10841034e+002 1.78819382e+002
    2.37279831e+002 1.78868027e+002 2.64006836e+002 1.79062515e+002
    2.91037628e+002 1.79261124e+002 3.18188538e+002 1.79368576e+002
    3.45337585e+002 1.79583755e+002 3.72590118e+002 1.79857468e+002
    3.99835480e+002 1.80168182e+002 4.27007843e+002 1.80509048e+002
    4.53839996e+002 1.81045425e+002 4.80111664e+002 1.81568130e+002
    1.80410538e+002 2.03427460e+002 2.07162933e+002 2.03518784e+002
    2.34393326e+002 2.03614136e+002 2.61856964e+002 2.03928253e+002
    2.89702576e+002 2.04288239e+002 3.17577454e+002 2.04493073e+002
    3.45560669e+002 2.04696320e+002 3.73659851e+002 2.05182419e+002
    4.01619507e+002 2.05425552e+002 4.29582977e+002 2.05720276e+002
    4.57205597e+002 2.06246552e+002 4.84346802e+002 2.06703644e+002
    1.75833725e+002 2.29397430e+002 2.03213593e+002 2.29621033e+002
    2.31358597e+002 2.30037308e+002 2.59678375e+002 2.30428497e+002
    2.88343384e+002 2.30751862e+002 3.17087311e+002 2.31070786e+002
    3.45726990e+002 2.31382965e+002 3.74520844e+002 2.31782913e+002
    4.03464020e+002 2.32153549e+002 4.32201843e+002 2.32436447e+002
    4.60543213e+002 2.32864777e+002 4.88248779e+002 2.33328690e+002
    1.71249283e+002 2.56887756e+002 1.99423264e+002 2.57392365e+002
    2.28179489e+002 2.57836945e+002 2.57439148e+002 2.58324890e+002
    2.86840027e+002 2.58733948e+002 3.16426636e+002 2.59301819e+002
    3.45991608e+002 2.59611572e+002 3.75682281e+002 2.60094269e+002
    4.05167694e+002 2.60419952e+002 4.34890503e+002 2.60716766e+002
    4.63882111e+002 2.61093628e+002 4.92384064e+002 2.61290894e+002
    1.66466217e+002 2.86050842e+002 1.95337494e+002 2.86751251e+002
    2.24899399e+002 2.87495453e+002 2.55015854e+002 2.88037964e+002
    2.85416412e+002 2.88498932e+002 3.15780182e+002 2.89051697e+002
    3.46324921e+002 2.89477875e+002 3.76730499e+002 2.89972992e+002
    4.07323853e+002 2.90365845e+002 4.37458130e+002 2.90658203e+002
    4.67304382e+002 2.90719269e+002 4.96058014e+002 2.90668762e+002
    1.81282043e+002 1.35402557e+002 2.07882233e+002 1.35117783e+002
    2.35305283e+002 1.34724442e+002 2.62919342e+002 1.34708054e+002
    2.90794556e+002 1.34796677e+002 3.18931183e+002 1.34863678e+002
    3.47295441e+002 1.35057129e+002 3.75434784e+002 1.35337997e+002
    4.03733246e+002 1.35766327e+002 4.31674927e+002 1.36352692e+002
    4.59321442e+002 1.37222809e+002 4.86061829e+002 1.38233231e+002
    1.80292603e+002 1.62519348e+002 2.07195068e+002 1.62317444e+002
    2.34627274e+002 1.62344788e+002 2.62431702e+002 1.62451431e+002
    2.90434540e+002 1.62565872e+002 3.18599792e+002 1.62777100e+002
    3.46855988e+002 1.63120087e+002 3.75317322e+002 1.63344559e+002
    4.03506439e+002 1.63616074e+002 4.31732666e+002 1.64147980e+002
    4.59442352e+002 1.64621597e+002 4.86541473e+002 1.65631302e+002
    1.79636063e+002 1.89755264e+002 2.06603333e+002 1.89914627e+002
    2.34207504e+002 1.90175613e+002 2.62158630e+002 1.90320496e+002
    2.90109344e+002 1.90525085e+002 3.18394287e+002 1.90819275e+002
    3.46559052e+002 1.91162338e+002 3.74868073e+002 1.91394135e+002
    4.03307556e+002 1.91733139e+002 4.31477112e+002 1.92224136e+002
    4.59350739e+002 1.92626740e+002 4.86589050e+002 1.93324280e+002
    1.78978104e+002 2.17542984e+002 2.06065277e+002 2.17542130e+002
    2.33644333e+002 2.18021713e+002 2.61593292e+002 2.18354889e+002
    2.89746063e+002 2.18651550e+002 3.17920776e+002 2.19051193e+002
    3.46185272e+002 2.19355652e+002 3.74494446e+002 2.19561752e+002
    4.02856018e+002 2.19962112e+002 4.31098846e+002 2.20255524e+002
    4.59046173e+002 2.20725342e+002 4.86290680e+002 2.21234238e+002
    1.78577835e+002 2.45178482e+002 2.05653641e+002 2.45487488e+002
    2.33320618e+002 2.45907410e+002 2.61344330e+002 2.46283737e+002
    2.89460724e+002 2.46619064e+002 3.17533600e+002 2.47145676e+002
    3.45809631e+002 2.47501251e+002 3.74184387e+002 2.47731537e+002
    4.02468445e+002 2.48131439e+002 4.30711945e+002 2.48570221e+002
    4.58533142e+002 2.48791672e+002 4.85731537e+002 2.49143387e+002
    1.78383484e+002 2.72690247e+002 2.05381165e+002 2.73357727e+002
    2.32929153e+002 2.73760651e+002 2.60900665e+002 2.74338898e+002
    2.89083527e+002 2.74611298e+002 3.17233246e+002 2.75087982e+002
    3.45477020e+002 2.75447174e+002 3.73672852e+002 2.75763824e+002
    4.01958069e+002 2.76282867e+002 4.30145599e+002 2.76592743e+002
    4.57809570e+002 2.76717651e+002 4.84913086e+002 2.76832764e+002
    1.78247192e+002 3.00224518e+002 2.05246918e+002 3.00850037e+002
