<?xml version="1.0"?>
<opencv_storage>
<CameraWorld type_id="opencv-matrix">
  <rows>4</rows>
  <cols>4</cols>
  <dt>d</dt>
  <data>
    9.9998023805502589e-001 3.3675412708777555e-003
    5.3087818944309991e-003 -8.6304901493354734e+001
    3.3675412708777564e-003 4.2615293049669467e-001
    -9.0464486926907861e-001 -2.2629170162421318e+001
    -5.3087818944309991e-003 9.0464486926907861e-001
    4.2613316855172056e-001 0. 0. 0. 0. 1.</data></CameraWorld>
</opencv_storage>
