<?xml version="1.0"?>
<opencv_storage>
<LaserCamera type_id="opencv-matrix">
  <rows>4</rows>
  <cols>4</cols>
  <dt>d</dt>
  <data>
    9.9986199130846010e-001 1.4005937928952649e-002
    8.9348776942478943e-003 -1.4173322271623867e+000
    1.4005937928952649e-002 -4.2140538455124799e-001
    -9.0676421167464760e-001 1.4383925372267299e+002
    -8.9348776942478943e-003 9.0676421167464760e-001
    -4.2154339324278789e-001 6.6869078328294123e+001 0. 0. 0. 1.</data></LaserCamera>
</opencv_storage>
