<?xml version="1.0"?>
<opencv_storage>
<LaserCamera type_id="opencv-matrix">
  <rows>4</rows>
  <cols>4</cols>
  <dt>d</dt>
  <data>
    9.9998154527623373e-001 5.6136123279630773e-003
    2.3230289681811559e-003 -3.9491591006166749e-001
    5.6136123279630773e-003 -7.0756516151663096e-001
    -7.0662580590053137e-001 1.2012668676652761e+002
    -2.3230289681811559e-003 7.0662580590053137e-001
    -7.0758361624039745e-001 1.2028951493062523e+002 0. 0. 0. 1.</data></LaserCamera>
</opencv_storage>
