<?xml version="1.0"?>
<opencv_storage>
<H_lc type_id="opencv-matrix">
  <rows>4</rows>
  <cols>4</cols>
  <dt>d</dt>
  <data>
    9.9986199130846010e-001 1.4005937928952649e-002
    8.9348776942478943e-003 -1.4173322271623867e+000
    1.4005937928952649e-002 -4.2140538455124799e-001
    -9.0676421167464760e-001 1.4383925372267299e+002
    -8.9348776942478943e-003 9.0676421167464760e-001
    -4.2154339324278789e-001 6.6869078328294123e+001 0. 0. 0. 1.</data></H_lc>
<H_cw1 type_id="opencv-matrix">
  <rows>4</rows>
  <cols>4</cols>
  <dt>d</dt>
  <data>
    9.9998023805502589e-001 3.3675412708777555e-003
    5.3087818944309991e-003 -8.6304901493354734e+001
    3.3675412708777564e-003 4.2615293049669467e-001
    -9.0464486926907861e-001 -2.2629170162421318e+001
    -5.3087818944309991e-003 9.0464486926907861e-001
    4.2613316855172056e-001 0. 0. 0. 0. 1.</data></H_cw1>
<H_lw type_id="opencv-matrix">
  <rows>4</rows>
  <cols>4</cols>
  <dt>d</dt>
  <data>
    9.9984196434788708e-001 1.7400374549587913e-002
    3.6432532841529225e-003 -8.6882827735665742e+001
    -1.7418639277339325e-002 9.9983556570787857e-001
    5.0430696339250902e-003 2.1829192215259532e+001
    -3.5549029078681730e-003 -5.1057331638794667e-003
    9.9998064688981603e-001 -1.5862609941354447e+002 0. 0. 0. 1.</data></H_lw>
<H_cw type_id="opencv-matrix">
  <rows>4</rows>
  <cols>4</cols>
  <dt>d</dt>
  <data>
    9.9998023805502589e-001 3.3675412708777572e-003
    5.3087818944309983e-003 -8.6304901493354734e+001
    -3.3675412708777503e-003 -4.2615293049669478e-001
    9.0464486926907861e-001 2.2629170162421318e+001
    5.3087818944310000e-003 -9.0464486926907850e-001
    -4.2613316855172073e-001 -2.8421709430404007e-014 0. 0. 0. 1.</data></H_cw>
<H_wc type_id="opencv-matrix">
  <rows>4</rows>
  <cols>4</cols>
  <dt>d</dt>
  <data>
    9.9998023805502601e-001 -3.3675412708777542e-003
    5.3087818944310009e-003 8.6379400605088108e+001
    3.3675412708777594e-003 -4.2615293049669478e-001
    -9.0464486926907850e-001 9.9341224970820949e+000
    5.3087818944309931e-003 9.0464486926907850e-001
    -4.2613316855172068e-001 -2.0013188784802804e+001 0. 0. 0. 1.</data></H_wc>
</opencv_storage>
