<?xml version="1.0"?>
<opencv_storage>
<calibration_time>"05/31/18 17:29:07"</calibration_time>
<nr_of_frames>5</nr_of_frames>
<image_width>640</image_width>
<image_height>480</image_height>
<board_width>13</board_width>
<board_height>9</board_height>
<square_size>3.3333332061767578e+001</square_size>
<!-- flags: -->
<flags>6144</flags>
<fisheye_model>0</fisheye_model>
<camera_matrix type_id="opencv-matrix">
  <rows>3</rows>
  <cols>3</cols>
  <dt>d</dt>
  <data>
    2.6058524465531582e+002 0. 3.0324596960227944e+002 0.
    2.6112145373255908e+002 2.6393456727118547e+002 0. 0. 1.</data></camera_matrix>
<distortion_coefficients type_id="opencv-matrix">
  <rows>5</rows>
  <cols>1</cols>
  <dt>d</dt>
  <data>
    1.0867685117652105e-002 -1.1834097481561519e-001
    -4.6144481340556637e-005 -3.9560244337895746e-004
    5.3843396065469229e-002</data></distortion_coefficients>
<avg_reprojection_error>1.5355882235167767e-001</avg_reprojection_error>
<per_view_reprojection_errors type_id="opencv-matrix">
  <rows>5</rows>
  <cols>1</cols>
  <dt>f</dt>
  <data>
    1.58997819e-001 1.42085418e-001 1.64192736e-001 1.43805683e-001
    1.57460034e-001</data></per_view_reprojection_errors>
<extrinsic_parameters type_id="opencv-matrix">
  <rows>5</rows>
  <cols>6</cols>
  <dt>d</dt>
  <data>
    -2.7513096548243993e-001 1.0293680940993482e-002
    2.8023981615626022e-002 -1.7181349585871453e+002
    -2.1804080843612974e+002 3.5068753600212187e+002
    -9.2059271955472581e-003 1.2776278082694336e-002
    2.7003910698949952e-002 -1.7315970583462115e+002
    -1.7937850623367748e+002 3.0966339524522050e+002
    2.5471882963525144e-001 1.6117721835379940e-002
    2.4895274306491598e-002 -1.7485440119513649e+002
    -1.3159313802407911e+002 2.8061051387526567e+002
    -6.5871869401889155e-003 -1.6219749945699422e-001
    -1.4471808993611249e-001 -1.6235351837275388e+002
    -1.4627355210526542e+002 2.7585081960231827e+002
    -9.6918416107537944e-003 1.8290635158716104e-001
    1.9158880777402440e-001 -1.7282528190942506e+002
    -2.1149984166676782e+002 3.4318714409483368e+002</data></extrinsic_parameters>
<image_points type_id="opencv-matrix">
  <rows>5</rows>
  <cols>117</cols>
  <dt>"2f"</dt>
  <data>
    1.78794449e+002 1.05785019e+002 2.02442062e+002 1.05485435e+002
    2.25904648e+002 1.04843605e+002 2.50482590e+002 1.05076447e+002
    2.74514679e+002 1.04815468e+002 2.99569702e+002 1.05420242e+002
    3.23826324e+002 1.05694870e+002 3.48854156e+002 1.06383873e+002
    3.73262054e+002 1.07214653e+002 3.97870605e+002 1.08198212e+002
    4.21719757e+002 1.09716270e+002 4.45640808e+002 1.11141289e+002
    4.68390930e+002 1.13297768e+002 1.74339127e+002 1.24874901e+002
    1.98157776e+002 1.24322693e+002 2.23017334e+002 1.24438072e+002
    2.47630646e+002 1.24227715e+002 2.73353851e+002 1.24617104e+002
    2.98441620e+002 1.24786598e+002 3.24057526e+002 1.25426590e+002
    3.49401001e+002 1.25923752e+002 3.74838226e+002 1.26644547e+002
    4.00034210e+002 1.27754929e+002 4.25045349e+002 1.28917557e+002
    4.49310577e+002 1.30622528e+002 4.73205505e+002 1.32272049e+002
    1.69163696e+002 1.44906677e+002 1.94363937e+002 1.45167496e+002
    2.19469437e+002 1.44850906e+002 2.45456070e+002 1.45269714e+002
    2.71382019e+002 1.45398376e+002 2.97560455e+002 1.46010620e+002
    3.23750061e+002 1.46447342e+002 3.50164520e+002 1.47056274e+002
    3.76319794e+002 1.47756851e+002 4.02440735e+002 1.48678452e+002
    4.28172729e+002 1.49888763e+002 4.53539703e+002 1.51184738e+002
    4.77772736e+002 1.53065491e+002 1.64408432e+002 1.67085434e+002
    1.89899307e+002 1.66776855e+002 2.16306000e+002 1.67146515e+002
    2.42807312e+002 1.67369537e+002 2.69612244e+002 1.67933517e+002
    2.96578644e+002 1.68451324e+002 3.23610809e+002 1.69141953e+002
    3.50613434e+002 1.69517166e+002 3.77845612e+002 1.70330124e+002
    4.04748627e+002 1.71322357e+002 4.31444580e+002 1.72216690e+002
    4.57490509e+002 1.73552277e+002 4.82774841e+002 1.74840500e+002
    1.59070099e+002 1.90051910e+002 1.85693146e+002 1.90459900e+002
    2.12735336e+002 1.90666077e+002 2.40197922e+002 1.91320038e+002
    2.67848389e+002 1.91636780e+002 2.95579071e+002 1.92512085e+002
    3.23441498e+002 1.93218002e+002 3.51514404e+002 1.93576691e+002
    3.79373932e+002 1.94484558e+002 4.07099884e+002 1.95172333e+002
    4.34641907e+002 1.96251205e+002 4.61513733e+002 1.97259079e+002
    4.87607513e+002 1.98739883e+002 1.53733032e+002 2.15148254e+002
    1.81198746e+002 2.15422806e+002 2.09140366e+002 2.16022751e+002
    2.37468201e+002 2.16500626e+002 2.65929596e+002 2.17358337e+002
    2.94542023e+002 2.17869354e+002 3.23371735e+002 2.18598663e+002
    3.52172241e+002 2.19483551e+002 3.80823120e+002 2.20026062e+002
    4.09522797e+002 2.20858093e+002 4.37806580e+002 2.21762497e+002
    4.65698486e+002 2.22751266e+002 4.92432251e+002 2.23761353e+002
    1.48478088e+002 2.41470123e+002 1.76444870e+002 2.42248230e+002
    2.05444092e+002 2.42803970e+002 2.34548660e+002 2.43502457e+002
    2.64085083e+002 2.44258133e+002 2.93449188e+002 2.45215759e+002
    3.23112152e+002 2.45739502e+002 3.52638641e+002 2.46510605e+002
    3.82486969e+002 2.47334213e+002 4.12025177e+002 2.48102509e+002
    4.41346680e+002 2.48993668e+002 4.69877167e+002 2.49766632e+002
    4.97440277e+002 2.50877090e+002 1.42837738e+002 2.69803589e+002
    1.71802795e+002 2.70417999e+002 2.01364075e+002 2.71497864e+002
    2.31703522e+002 2.72145538e+002 2.61780182e+002 2.73019073e+002
    2.92352081e+002 2.73753662e+002 3.22760925e+002 2.74655273e+002
    3.53484009e+002 2.75455780e+002 3.84064301e+002 2.76310455e+002
    4.14673920e+002 2.77149841e+002 4.44703796e+002 2.77857239e+002
    4.74244904e+002 2.78692230e+002 5.02194458e+002 2.79242157e+002
    1.36990433e+002 2.99525635e+002 1.66561951e+002 3.00746063e+002
    1.97417007e+002 3.01664886e+002 2.28148331e+002 3.02703918e+002
    2.59866211e+002 3.03576080e+002 2.90919220e+002 3.04605804e+002
    3.22704437e+002 3.05395294e+002 3.53996246e+002 3.06294464e+002
    3.86016388e+002 3.07189636e+002 4.17243195e+002 3.07881317e+002
    4.48445435e+002 3.08669647e+002 4.78270081e+002 3.09105743e+002
    5.07068390e+002 3.09610718e+002 1.61396210e+002 1.16789452e+002
    1.87753159e+002 1.16341393e+002 2.14452682e+002 1.15714966e+002
    2.42023773e+002 1.15952171e+002 2.69663971e+002 1.15866371e+002
    2.97665436e+002 1.16469543e+002 3.25745789e+002 1.16906288e+002
    3.53834961e+002 1.17727188e+002 3.81661713e+002 1.18671005e+002
    4.09427124e+002 1.19943573e+002 4.36546021e+002 1.21662392e+002
    4.63084473e+002 1.23385040e+002 4.88422211e+002 1.25993591e+002
    1.59596924e+002 1.43327347e+002 1.86017807e+002 1.42649597e+002
    2.13358688e+002 1.42935074e+002 2.40761398e+002 1.42845032e+002
    2.68699890e+002 1.43412201e+002 2.96885895e+002 1.43808121e+002
    3.25155457e+002 1.44543793e+002 3.53422089e+002 1.45235336e+002
    3.81528137e+002 1.45994476e+002 4.09463135e+002 1.47213760e+002
    4.36985474e+002 1.48475922e+002 4.63709717e+002 1.50150055e+002
    4.89604340e+002 1.51764938e+002 1.57708588e+002 1.69900314e+002
    1.84603806e+002 1.70266800e+002 2.12003403e+002 1.70293732e+002
    2.39758331e+002 1.70727448e+002 2.67887817e+002 1.71213501e+002
    2.96127655e+002 1.71843704e+002 3.24505310e+002 1.72562134e+002
    3.52686584e+002 1.73238113e+002 3.81173187e+002 1.73957092e+002
    4.09285492e+002 1.74866058e+002 4.37028870e+002 1.76097382e+002
    4.64140259e+002 1.77248260e+002 4.90344330e+002 1.78989227e+002
    1.56413940e+002 1.97531815e+002 1.83340683e+002 1.97665329e+002
    2.10891678e+002 1.98315811e+002 2.38828659e+002 1.98701218e+002
    2.67072540e+002 1.99433456e+002 2.95345062e+002 2.00208115e+002
    3.23573822e+002 2.00852585e+002 3.52157043e+002 2.01477295e+002
    3.80505585e+002 2.02202148e+002 4.08861786e+002 2.03151627e+002
    4.36837280e+002 2.03958755e+002 4.64317657e+002 2.05250977e+002
