<?xml version="1.0"?>
<opencv_storage>
<cameraMatrixL type_id="opencv-matrix">
  <rows>3</rows>
  <cols>3</cols>
  <dt>d</dt>
  <data>
    2.6238774556684535e+002 0. 3.2158301517493550e+002 0.
    2.6079759598356412e+002 2.3853025617435159e+002 0. 0. 1.</data></cameraMatrixL>
<cameraDistcoeffL type_id="opencv-matrix">
  <rows>5</rows>
  <cols>1</cols>
  <dt>d</dt>
  <data>
    -3.0455993295131320e-003 -1.0248961625384913e-001
    -9.1419236870098368e-004 -2.2229686472362181e-004
    5.1625750302074246e-002</data></cameraDistcoeffL>
<cameraMatrixR type_id="opencv-matrix">
  <rows>3</rows>
  <cols>3</cols>
  <dt>d</dt>
  <data>
    2.6238774556684535e+002 0. 3.2158301517493550e+002 0.
    2.6079759598356412e+002 2.3853025617435159e+002 0. 0. 1.</data></cameraMatrixR>
<cameraDistcoeffR type_id="opencv-matrix">
  <rows>5</rows>
  <cols>1</cols>
  <dt>d</dt>
  <data>
    -3.0455993295131320e-003 -1.0248961625384913e-001
    -9.1419236870098368e-004 -2.2229686472362181e-004
    5.1625750302074246e-002</data></cameraDistcoeffR>
<R type_id="opencv-matrix">
  <rows>3</rows>
  <cols>3</cols>
  <dt>d</dt>
  <data>
    8.7191593256925215e-001 -2.0920554071260919e-001
    4.4271395761488713e-001 2.0797505704244582e-001
    9.7675282611388459e-001 5.1964337066212236e-002
    -4.4329333649411279e-001 4.6764927175013730e-002
    8.9515588553404091e-001</data></R>
<T type_id="opencv-matrix">
  <rows>3</rows>
  <cols>1</cols>
  <dt>d</dt>
  <data>
    2.2258896519311605e+001 -1.6620783988374406e+001
    3.6900652632190024e+001</data></T>
<Rl type_id="opencv-matrix">
  <rows>3</rows>
  <cols>3</cols>
  <dt>d</dt>
  <data>
    9.8777649898687403e-001 1.3799358674505546e-001
    7.2493848473292072e-002 8.8038451108530813e-003
    4.1494035841430948e-001 -9.0980601848430764e-001
    -1.5562801920122826e-001 8.9932322830906530e-001
    4.0865346035885081e-001</data></Rl>
<Rr type_id="opencv-matrix">
  <rows>3</rows>
  <cols>3</cols>
  <dt>d</dt>
  <data>
    8.6448308291460452e-001 3.4398559433810016e-001
    -3.6652818478573346e-001 -4.8191543233055606e-001
    3.5984768132962036e-001 -7.9891624237046843e-001
    -1.4292136102106645e-001 8.6728516482732487e-001
    4.7685419934643120e-001</data></Rr>
<Pl type_id="opencv-matrix">
  <rows>3</rows>
  <cols>4</cols>
  <dt>d</dt>
  <data>
    2.6053058607309924e+002 0. -6.5291499137878418e+002 0. 0.
    2.6053058607309924e+002 -4.8145280097238719e+002 0. 0. 0. 1. 0.</data></Pl>
<Pr type_id="opencv-matrix">
  <rows>3</rows>
  <cols>4</cols>
  <dt>d</dt>
  <data>
    2.6053058607309924e+002 0. -6.5291499137878418e+002 0. 0.
    2.6053058607309924e+002 -4.8145280097238719e+002
    -1.2033487550859294e+004 0. 0. 1. 0.</data></Pr>
<Q type_id="opencv-matrix">
  <rows>4</rows>
  <cols>4</cols>
  <dt>d</dt>
  <data>
    1. 0. 0. 6.5291499137878418e+002 0. 1. 0. 4.8145280097238719e+002 0.
    0. 0. 2.6053058607309924e+002 0. 0. 2.1650463755579746e-002 0.</data></Q>
</opencv_storage>
