<?xml version="1.0"?>
<opencv_storage>
<calibration_time>"10/09/17 11:05:21"</calibration_time>
<nr_of_frames>5</nr_of_frames>
<image_width>640</image_width>
<image_height>480</image_height>
<board_width>13</board_width>
<board_height>9</board_height>
<square_size>100.</square_size>
<!-- flags: -->
<flags>6144</flags>
<fisheye_model>0</fisheye_model>
<camera_matrix type_id="opencv-matrix">
  <rows>3</rows>
  <cols>3</cols>
  <dt>d</dt>
  <data>
    2.5926400458591036e+002 0. 2.9978071281614808e+002 0.
    2.5927335269702604e+002 2.2892300116613632e+002 0. 0. 1.</data></camera_matrix>
<distortion_coefficients type_id="opencv-matrix">
  <rows>5</rows>
  <cols>1</cols>
  <dt>d</dt>
  <data>
    -2.4420845553078229e-003 -8.8564468694939044e-002
    9.4360371216607264e-004 -1.9073202157115184e-004
    3.1300834560999864e-002</data></distortion_coefficients>
<avg_reprojection_error>1.9379618536431098e-001</avg_reprojection_error>
<per_view_reprojection_errors type_id="opencv-matrix">
  <rows>5</rows>
  <cols>1</cols>
  <dt>f</dt>
  <data>
    1.89905092e-001 2.01841131e-001 1.89998940e-001 1.97723612e-001
    1.89173996e-001</data></per_view_reprojection_errors>
<extrinsic_parameters type_id="opencv-matrix">
  <rows>5</rows>
  <cols>6</cols>
  <dt>d</dt>
  <data>
    1.8049541861643939e-001 6.4915191160234670e-002
    -2.6703087679252956e-002 -5.5860108792655251e+002
    -3.8058862035832897e+002 8.4354645462839449e+002
    1.8460715586912566e-001 2.0247971041842122e-001
    7.7955852351071858e-002 -5.4029610192567270e+002
    -4.5471729522941718e+002 9.2354513054284848e+002
    1.7500975376785499e-001 -7.3027319956558950e-002
    -1.3101703834654169e-001 -5.5792094882472497e+002
    -3.0621906882103383e+002 7.6193471082992039e+002
    3.5384033071613658e-001 6.3265402902588752e-002
    -3.2278052558996372e-002 -5.6145750703139481e+002
    -3.2700685119112131e+002 7.8768026479584557e+002
    6.8805476043026278e-003 6.6041334257566545e-002
    -2.1093876327310319e-002 -5.5514686974095537e+002
    -4.2361189989897406e+002 9.0790483246136114e+002</data></extrinsic_parameters>
<image_points type_id="opencv-matrix">
  <rows>5</rows>
  <cols>117</cols>
  <dt>"2f"</dt>
  <data>
    1.32831009e+002 1.14627472e+002 1.60737213e+002 1.11898674e+002
    1.89163940e+002 1.09519127e+002 2.19398163e+002 1.07409576e+002
    2.49313766e+002 1.05201599e+002 2.80954895e+002 1.03614243e+002
    3.12749725e+002 1.01992752e+002 3.45463654e+002 1.00552475e+002
    3.78094299e+002 9.92499771e+001 4.11304016e+002 9.80582733e+001
    4.43479706e+002 9.75188446e+001 4.75373047e+002 9.75984039e+001
    5.05647186e+002 9.80894699e+001 1.35881012e+002 1.44800644e+002
    1.63288773e+002 1.42999985e+002 1.92260559e+002 1.41227890e+002
    2.21458771e+002 1.39543488e+002 2.51847748e+002 1.38026474e+002
    2.82336090e+002 1.36468964e+002 3.13963287e+002 1.35040741e+002
    3.45489990e+002 1.33875656e+002 3.78154846e+002 1.32625916e+002
    4.10250793e+002 1.31580215e+002 4.42784637e+002 1.30792374e+002
    4.74181671e+002 1.30285629e+002 5.04817780e+002 1.30627838e+002
    1.39178940e+002 1.75090530e+002 1.66855499e+002 1.73447891e+002
    1.94626358e+002 1.72281235e+002 2.24202957e+002 1.70921219e+002
    2.53510834e+002 1.69814789e+002 2.84003693e+002 1.68645645e+002
    3.14449982e+002 1.67570892e+002 3.45890472e+002 1.66476547e+002
    3.77334106e+002 1.65468216e+002 4.09544281e+002 1.64440308e+002
    4.41118561e+002 1.63544281e+002 4.72780548e+002 1.63059402e+002
    5.02733612e+002 1.62622696e+002 1.43283096e+002 2.04013367e+002
    1.69741318e+002 2.03132950e+002 1.97930161e+002 2.02121078e+002
    2.26280167e+002 2.01361542e+002 2.55626648e+002 2.00489944e+002
    2.85177490e+002 1.99669754e+002 3.15487152e+002 1.98623672e+002
    3.45663940e+002 1.97852295e+002 3.77056549e+002 1.97088379e+002
    4.08065247e+002 1.96288116e+002 4.39825195e+002 1.95421021e+002
    4.70445313e+002 1.94711426e+002 5.00837189e+002 1.94394623e+002
    1.46816025e+002 2.32103516e+002 1.73367630e+002 2.31490143e+002
    2.00679077e+002 2.30916519e+002 2.28816040e+002 2.30344971e+002
    2.57315155e+002 2.29786392e+002 2.86604523e+002 2.29271164e+002
    3.15888824e+002 2.28598953e+002 3.45908203e+002 2.28021423e+002
    3.76267181e+002 2.27426102e+002 4.07134796e+002 2.26689804e+002
    4.37793457e+002 2.26018417e+002 4.68462799e+002 2.25485443e+002
    4.97845642e+002 2.24743668e+002 1.50677429e+002 2.59273224e+002
    1.76640106e+002 2.59042694e+002 2.03565628e+002 2.58632233e+002
    2.31070419e+002 2.58464691e+002 2.59177826e+002 2.58148682e+002
    2.87579407e+002 2.57777527e+002 3.16636230e+002 2.57385345e+002
    3.45805847e+002 2.56991455e+002 3.75733917e+002 2.56578949e+002
    4.05748108e+002 2.56117157e+002 4.35950012e+002 2.55474197e+002
    4.65729340e+002 2.54827377e+002 4.94770782e+002 2.54271149e+002
    1.54561569e+002 2.85345215e+002 1.79991150e+002 2.85328156e+002
    2.06357101e+002 2.85433838e+002 2.33386490e+002 2.85327637e+002
    2.60841949e+002 2.85300110e+002 2.88761383e+002 2.85072937e+002
    3.17269348e+002 2.84860565e+002 3.45752228e+002 2.84665192e+002
    3.75161896e+002 2.84411713e+002 4.04420227e+002 2.84198761e+002
    4.34041443e+002 2.83611969e+002 4.63165894e+002 2.83054749e+002
    4.91502197e+002 2.82256897e+002 1.58252823e+002 3.10056854e+002
    1.83328186e+002 3.10549377e+002 2.08958267e+002 3.10820313e+002
    2.35623154e+002 3.11124573e+002 2.62359253e+002 3.11140076e+002
    2.90046814e+002 3.11303986e+002 3.17537659e+002 3.11323395e+002
    3.45913788e+002 3.11160278e+002 3.74295441e+002 3.11091614e+002
    4.03290771e+002 3.10859253e+002 4.31745453e+002 3.10453308e+002
    4.60488586e+002 3.09724365e+002 4.87800354e+002 3.08963562e+002
    1.62266449e+002 3.33873413e+002 1.86387695e+002 3.34545807e+002
    2.11995972e+002 3.35328156e+002 2.37533936e+002 3.35562866e+002
    2.64332062e+002 3.36050903e+002 2.90809235e+002 3.36296692e+002
    3.18437164e+002 3.36555573e+002 3.45581329e+002 3.36522858e+002
    3.73944885e+002 3.36535675e+002 4.01466309e+002 3.36387970e+002
    4.29977722e+002 3.36072998e+002 4.57158875e+002 3.35261810e+002
    4.84595764e+002 3.34347046e+002 1.51565338e+002 1.03739426e+002
    1.75495850e+002 1.02711159e+002 2.00265854e+002 1.02075523e+002
    2.27049881e+002 1.01647972e+002 2.53969849e+002 1.01192551e+002
    2.84242218e+002 1.01312653e+002 3.14638519e+002 1.01397766e+002
    3.47297455e+002 1.01568726e+002 3.80672028e+002 1.01932747e+002
    4.15931061e+002 1.02813652e+002 4.51448181e+002 1.04109871e+002
    4.87421814e+002 1.06114166e+002 5.22360840e+002 1.08796692e+002
    1.51918701e+002 1.31499100e+002 1.75243866e+002 1.31721558e+002
    2.00328583e+002 1.31852890e+002 2.26235397e+002 1.32362244e+002
    2.54001556e+002 1.32747253e+002 2.82380371e+002 1.33530487e+002
    3.12868805e+002 1.34264130e+002 3.44112183e+002 1.35389206e+002
    3.77564362e+002 1.36414307e+002 4.11611450e+002 1.37504547e+002
    4.47286285e+002 1.39117508e+002 4.82706818e+002 1.41203186e+002
    5.18232910e+002 1.44013199e+002 1.52682129e+002 1.59551971e+002
    1.76111725e+002 1.60199539e+002 2.00131012e+002 1.61376038e+002
    2.26263260e+002 1.62347275e+002 2.52736053e+002 1.63653610e+002
    2.81258698e+002 1.65029694e+002 3.10451050e+002 1.66497711e+002
    3.41648804e+002 1.68097061e+002 3.73776245e+002 1.69840668e+002
    4.07779938e+002 1.71616913e+002 4.42249695e+002 1.73699188e+002
    4.77874237e+002 1.76172226e+002 5.12522644e+002 1.78935455e+002
    1.54082855e+002 1.86322540e+002 1.76359329e+002 1.87803040e+002
    2.00709229e+002 1.89457611e+002 2.25597855e+002 1.91383514e+002
    2.52342911e+002 1.93334122e+002 2.79781097e+002 1.95339569e+002
    3.08808502e+002 1.97385452e+002 3.38568176e+002 1.99575867e+002
    3.70609802e+002 2.02032639e+002 4.03277740e+002 2.04447784e+002
    4.37640900e+002 2.07071991e+002 4.72049622e+002 2.09860245e+002
    5.06960510e+002 2.13070038e+002 1.54972214e+002 2.12317383e+002
