<?xml version="1.0"?>
<opencv_storage>
<LaserCamera type_id="opencv-matrix">
  <rows>4</rows>
  <cols>4</cols>
  <dt>d</dt>
  <data>
    9.8848363196412725e-001 -1.4736181908490353e-001
    -3.4418071052806795e-002 2.8126167747474540e+001
    -1.4736181908490353e-001 -8.8562102707809998e-001
    -4.4040877678938189e-001 3.5989847061542588e+002
    3.4418071052806795e-002 4.4040877678938189e-001
    -8.9713739511397295e-001 7.3313338300666260e+002 0. 0. 0. 1.</data></LaserCamera>
</opencv_storage>
