<?xml version="1.0"?>
<opencv_storage>
<H_lc type_id="opencv-matrix">
  <rows>4</rows>
  <cols>4</cols>
  <dt>d</dt>
  <data>
    9.8848363196412725e-001 -1.4736181908490353e-001
    -3.4418071052806795e-002 2.8126167747474540e+001
    -1.4736181908490353e-001 -8.8562102707809998e-001
    -4.4040877678938189e-001 3.5989847061542588e+002
    3.4418071052806795e-002 4.4040877678938189e-001
    -8.9713739511397295e-001 7.3313338300666260e+002 0. 0. 0. 1.</data></H_lc>
<H_cw1 type_id="opencv-matrix">
  <rows>4</rows>
  <cols>4</cols>
  <dt>d</dt>
  <data>
    9.9960423884280369e-001 -1.1378865080960148e-002
    -2.5727166905207356e-002 1.3475344443206572e+001
    -1.1378865080960145e-002 6.7283658798666268e-001
    -7.3970362125376610e-001 -8.6928165405120481e+001
    2.5727166905207356e-002 7.3970362125376610e-001
    6.7244082682946638e-001 0. 0. 0. 0. 1.</data></H_cw1>
<H_lw type_id="opencv-matrix">
  <rows>4</rows>
  <cols>4</cols>
  <dt>d</dt>
  <data>
    9.8888375933699268e-001 -1.4855660692785150e-001
    -6.3122941646212641e-003 1.8633699897617326e+001
    1.3585741722978223e-001 9.1997338687406804e-001
    -3.6768427982048579e-001 3.8739676855471458e+002
    6.0429071672414077e-002 3.6273944089599641e-001
    9.2992925823165185e-001 -7.5993062685524978e+002 0. 0. 0. 1.</data></H_lw>
<H_cw type_id="opencv-matrix">
  <rows>4</rows>
  <cols>4</cols>
  <dt>d</dt>
  <data>
    9.9960423884280381e-001 -1.1378865080960164e-002
    -2.5727166905207335e-002 1.3475344443206566e+001
    1.1378865080960154e-002 -6.7283658798666268e-001
    7.3970362125376599e-001 8.6928165405120524e+001
    -2.5727166905207328e-002 -7.3970362125376576e-001
    -6.7244082682946649e-001 -1.1368683772161603e-013 0. 0. 0. 1.</data></H_cw>
<H_wc type_id="opencv-matrix">
  <rows>4</rows>
  <cols>4</cols>
  <dt>d</dt>
  <data>
    9.9960423884280358e-001 1.1378865080960110e-002
    -2.5727166905207360e-002 -1.4459155291176357e+001
    -1.1378865080960112e-002 -6.7283658798666313e-001
    -7.3970362125376610e-001 5.8641784337460223e+001
    -2.5727166905207342e-002 7.3970362125376610e-001
    -6.7244082682946671e-001 -6.3954396303518550e+001 0. 0. 0. 1.</data></H_wc>
</opencv_storage>
