<?xml version="1.0"?>
<opencv_storage>
<H_lc type_id="opencv-matrix">
  <rows>4</rows>
  <cols>4</cols>
  <dt>d</dt>
  <data>
    9.9999728456577308e-001 1.9867157140615464e-003
    1.2181222236100481e-003 -1.0546250314439902e+000
    1.9867157140615464e-003 -4.5355733143736909e-001
    -8.9122488747794948e-001 7.7160407778668650e+002
    -1.2181222236100481e-003 8.9122488747794948e-001
    -4.5356004687159612e-001 3.9268290933572393e+002 0. 0. 0. 1.</data></H_lc>
<H_cw1 type_id="opencv-matrix">
  <rows>4</rows>
  <cols>4</cols>
  <dt>d</dt>
  <data>
    9.9947605840735798e-001 1.7226748050846324e-002
    2.7401602545911879e-002 -1.9292692317533017e+001
    1.7226748050846324e-002 4.3359936951957206e-001
    -9.0094107793119416e-001 6.6020388460054065e+001
    -2.7401602545911879e-002 9.0094107793119416e-001
    4.3307542792693010e-001 0. 0. 0. 0. 1.</data></H_cw1>
<H_lw type_id="opencv-matrix">
  <rows>4</rows>
  <cols>4</cols>
  <dt>d</dt>
  <data>
    9.9947419054589115e-001 1.8593347061476247e-002
    -2.6563694729594963e-002 3.7056052641683408e+000
    -1.9185596302967938e-002 9.9956905910465910e-001
    -2.2217312509069442e-002 -4.6785098725302944e+001
    2.6139153144950231e-002 2.2715270759504469e-002
    9.9940020069398972e-001 -8.6526002699334947e+002 0. 0. 0. 1.</data></H_lw>
<H_cw type_id="opencv-matrix">
  <rows>4</rows>
  <cols>4</cols>
  <dt>d</dt>
  <data>
    9.9947605840735809e-001 1.7226748050846320e-002
    2.7401602545911882e-002 -1.9292692317533014e+001
    -1.7226748050846320e-002 -4.3359936951957212e-001
    9.0094107793119427e-001 -6.6020388460054107e+001
    2.7401602545911886e-002 -9.0094107793119405e-001
    -4.3307542792693010e-001 -1.1368683772161603e-013 0. 0. 0. 1.</data></H_cw>
<H_wc type_id="opencv-matrix">
  <rows>4</rows>
  <cols>4</cols>
  <dt>d</dt>
  <data>
    9.9947605840735798e-001 -1.7226748050846324e-002
    2.7401602545911879e-002 1.8145267475373462e+001
    1.7226748050846334e-002 -4.3359936951957218e-001
    -9.0094107793119449e-001 -2.8294048461940157e+001
    2.7401602545911879e-002 9.0094107793119416e-001
    -4.3307542792693021e-001 6.0009130631562876e+001 0. 0. 0. 1.</data></H_wc>
</opencv_storage>
