<?xml version="1.0"?>
<opencv_storage>
<LaserCamera type_id="opencv-matrix">
  <rows>4</rows>
  <cols>4</cols>
  <dt>d</dt>
  <data>
    9.9999728456577308e-001 1.9867157140615464e-003
    1.2181222236100481e-003 -1.0546250314439902e+000
    1.9867157140615464e-003 -4.5355733143736909e-001
    -8.9122488747794948e-001 7.7160407778668650e+002
    -1.2181222236100481e-003 8.9122488747794948e-001
    -4.5356004687159612e-001 3.9268290933572393e+002 0. 0. 0. 1.</data></LaserCamera>
</opencv_storage>
