<?xml version="1.0"?>
<opencv_storage>
<calibration_time>"10/09/17 11:06:40"</calibration_time>
<nr_of_frames>5</nr_of_frames>
<image_width>640</image_width>
<image_height>480</image_height>
<board_width>13</board_width>
<board_height>9</board_height>
<square_size>100.</square_size>
<!-- flags: -->
<flags>6144</flags>
<fisheye_model>0</fisheye_model>
<camera_matrix type_id="opencv-matrix">
  <rows>3</rows>
  <cols>3</cols>
  <dt>d</dt>
  <data>
    2.5920808805748516e+002 0. 3.2546352503389681e+002 0.
    2.5916485044581918e+002 2.3525296564584303e+002 0. 0. 1.</data></camera_matrix>
<distortion_coefficients type_id="opencv-matrix">
  <rows>5</rows>
  <cols>1</cols>
  <dt>d</dt>
  <data>
    -8.8488968117916029e-003 -7.6181626322478518e-002
    3.4178144964084180e-004 -3.2628399069908854e-004
    2.5126781182844643e-002</data></distortion_coefficients>
<avg_reprojection_error>1.9079674179473419e-001</avg_reprojection_error>
<per_view_reprojection_errors type_id="opencv-matrix">
  <rows>5</rows>
  <cols>1</cols>
  <dt>f</dt>
  <data>
    1.90599501e-001 1.86358079e-001 1.82000265e-001 2.08600104e-001
    1.85260311e-001</data></per_view_reprojection_errors>
<extrinsic_parameters type_id="opencv-matrix">
  <rows>5</rows>
  <cols>6</cols>
  <dt>d</dt>
  <data>
    7.0952602068681120e-002 -2.6192003289856498e-003
    2.8389944923861571e-002 -5.6662005714192139e+002
    -2.5645606279246158e+002 9.6200357027864823e+002
    6.7517599716813412e-002 1.5491670703491930e-001
    9.8940772926034384e-002 -5.6453605108242755e+002
    -3.0520159169583638e+002 1.0617796649687825e+003
    7.3518037455468352e-002 -1.6011308842437855e-001
    -4.2091165479919951e-002 -5.4956527059384780e+002
    -2.0774316936217062e+002 8.6400100859492352e+002
    2.4370515158344913e-001 3.8581314405620592e-004
    2.8598593940593761e-002 -5.6781414815850508e+002
    -2.0943436146619285e+002 9.0054668029489585e+002
    -1.0245750360720121e-001 -5.7901142926381384e-003
    2.8127857999197980e-002 -5.6571400989977190e+002
    -2.9215394292022012e+002 1.0307571581905258e+003</data></extrinsic_parameters>
<image_points type_id="opencv-matrix">
  <rows>5</rows>
  <cols>117</cols>
  <dt>"2f"</dt>
  <data>
    1.73774445e+002 1.66745377e+002 2.00155640e+002 1.67178375e+002
    2.26283371e+002 1.67502258e+002 2.53397491e+002 1.68123245e+002
    2.79808014e+002 1.68719681e+002 3.07001068e+002 1.69563812e+002
    3.33638092e+002 1.70407150e+002 3.60908844e+002 1.71410675e+002
    3.87564606e+002 1.72241211e+002 4.14634857e+002 1.73136200e+002
    4.40786407e+002 1.73864426e+002 4.67418152e+002 1.75118927e+002
    4.92424683e+002 1.76187042e+002 1.73894852e+002 1.93380920e+002
    1.99650986e+002 1.93953644e+002 2.26503159e+002 1.94499664e+002
    2.52760010e+002 1.95247177e+002 2.79768982e+002 1.95799850e+002
    3.06171692e+002 1.96623566e+002 3.33301361e+002 1.97325195e+002
    3.59596039e+002 1.98397766e+002 3.86701630e+002 1.99111237e+002
    4.12902222e+002 1.99875519e+002 4.39777710e+002 2.00746048e+002
    4.65458984e+002 2.01538803e+002 4.91272461e+002 2.02745331e+002
    1.73961578e+002 2.20206558e+002 2.00190109e+002 2.20621780e+002
    2.25999054e+002 2.21471939e+002 2.52781219e+002 2.21991226e+002
    2.79171051e+002 2.22730042e+002 3.05847229e+002 2.23592209e+002
    3.32142242e+002 2.24316055e+002 3.58928314e+002 2.25169067e+002
    3.85189667e+002 2.25865158e+002 4.11937164e+002 2.26653305e+002
    4.37942688e+002 2.27378860e+002 4.64222015e+002 2.28213226e+002
    4.89138245e+002 2.28737961e+002 1.74576645e+002 2.46231567e+002
    1.99943359e+002 2.46958862e+002 2.26306534e+002 2.47711151e+002
    2.52274323e+002 2.48603973e+002 2.78807465e+002 2.49299759e+002
    3.05088196e+002 2.49962875e+002 3.31609955e+002 2.50656586e+002
    3.57589996e+002 2.51512772e+002 3.84338959e+002 2.52392075e+002
    4.10241272e+002 2.52984802e+002 4.36750366e+002 2.53698685e+002
    4.62173431e+002 2.54330170e+002 4.87626801e+002 2.55036346e+002
    1.74968262e+002 2.71996246e+002 2.00319138e+002 2.72822876e+002
    2.26115387e+002 2.73687958e+002 2.52318619e+002 2.74467041e+002
    2.78336090e+002 2.75430573e+002 3.04638397e+002 2.76041718e+002
    3.30604614e+002 2.76734863e+002 3.56800110e+002 2.77523987e+002
    3.82909210e+002 2.78241180e+002 4.09073120e+002 2.78910126e+002
    4.34882751e+002 2.79492767e+002 4.60549957e+002 2.80072174e+002
    4.85371735e+002 2.80466339e+002 1.75564590e+002 2.97427582e+002
    2.00586334e+002 2.98474426e+002 2.26244034e+002 2.99403229e+002
    2.52093048e+002 3.00305389e+002 2.77961273e+002 3.00965118e+002
    3.04000031e+002 3.01804138e+002 3.29921295e+002 3.02529968e+002
    3.55786469e+002 3.03167969e+002 3.81727264e+002 3.03889709e+002
    4.07632202e+002 3.04439362e+002 4.33283539e+002 3.04952362e+002
    4.58584564e+002 3.05368805e+002 4.83138397e+002 3.05625458e+002
    1.76568787e+002 3.22096161e+002 2.01008438e+002 3.23284760e+002
    2.26512085e+002 3.24412262e+002 2.51746765e+002 3.25285614e+002
    2.77646393e+002 3.26264832e+002 3.03330597e+002 3.26948883e+002
    3.29300598e+002 3.27637207e+002 3.54687378e+002 3.28327057e+002
    3.80661896e+002 3.28874817e+002 4.06033203e+002 3.29516998e+002
    4.31644653e+002 3.29720886e+002 4.56308167e+002 3.29939240e+002
    4.80862640e+002 3.30012665e+002 1.77296692e+002 3.46072083e+002
    2.01946854e+002 3.47517578e+002 2.26484818e+002 3.48758850e+002
    2.52087021e+002 3.49878510e+002 2.77183075e+002 3.50672516e+002
    3.02952911e+002 3.51620148e+002 3.28250519e+002 3.52358215e+002
    3.53914551e+002 3.52793518e+002 3.79162415e+002 3.53419403e+002
    4.04774323e+002 3.53659302e+002 4.29465240e+002 3.53981720e+002
    4.54460449e+002 3.53998810e+002 4.77931244e+002 3.53727661e+002
    1.78968170e+002 3.69461395e+002 2.02412598e+002 3.71028717e+002
    2.27366531e+002 3.72546143e+002 2.51897766e+002 3.73645416e+002
    2.77311493e+002 3.74674957e+002 3.02199860e+002 3.75513580e+002
    3.27760101e+002 3.76299011e+002 3.52539764e+002 3.76710236e+002
    3.78224243e+002 3.77265167e+002 4.02721313e+002 3.77394958e+002
    4.27833557e+002 3.77486481e+002 4.51606537e+002 3.77125732e+002
    4.75644592e+002 3.76751282e+002 1.88147736e+002 1.61186111e+002
    2.10252701e+002 1.62273407e+002 2.32492966e+002 1.63533691e+002
    2.56537109e+002 1.65042511e+002 2.80189880e+002 1.66464478e+002
    3.05881012e+002 1.68243195e+002 3.31546539e+002 1.69884781e+002
    3.58737579e+002 1.71893402e+002 3.86111908e+002 1.73729828e+002
    4.14844635e+002 1.75757202e+002 4.43779633e+002 1.77723999e+002
    4.73620758e+002 1.80157104e+002 5.02940521e+002 1.82663452e+002
    1.86589417e+002 1.85242615e+002 2.08168076e+002 1.87025940e+002
    2.31169159e+002 1.88638641e+002 2.54288574e+002 1.90570816e+002
    2.78746277e+002 1.92447037e+002 3.03333405e+002 1.94450424e+002
    3.29419891e+002 1.96585144e+002 3.55680969e+002 1.98899399e+002
    3.83485352e+002 2.01290161e+002 4.11367615e+002 2.03571045e+002
    4.40712891e+002 2.06077530e+002 4.69766846e+002 2.08622437e+002
    4.99754547e+002 2.11548523e+002 1.85151627e+002 2.09573669e+002
    2.07035782e+002 2.11531433e+002 2.29062241e+002 2.13693970e+002
    2.52670776e+002 2.15904388e+002 2.76379211e+002 2.18369507e+002
    3.01321045e+002 2.20751892e+002 3.26624054e+002 2.23180878e+002
    3.53221344e+002 2.25883926e+002 3.80037079e+002 2.28581558e+002
    4.08456360e+002 2.31342331e+002 4.36924957e+002 2.34014450e+002
    4.66526642e+002 2.37051331e+002 4.95481262e+002 2.39966171e+002
    1.84241760e+002 2.33327057e+002 2.05273071e+002 2.35731613e+002
    2.27765610e+002 2.38340668e+002 2.50490234e+002 2.41009399e+002
    2.74592407e+002 2.43698914e+002 2.98962219e+002 2.46543640e+002
    3.24440765e+002 2.49341278e+002 3.50230042e+002 2.52359985e+002
    3.77478912e+002 2.55477112e+002 4.04946960e+002 2.58572510e+002
    4.33697083e+002 2.61760040e+002 4.62487335e+002 2.64868805e+002
    4.91881531e+002 2.68379150e+002 1.82890091e+002 2.56726898e+002
