<?xml version="1.0"?>
<opencv_storage>
<calibration_time>"10/18/17 21:20:38"</calibration_time>
<nr_of_frames>5</nr_of_frames>
<image_width>640</image_width>
<image_height>480</image_height>
<board_width>13</board_width>
<board_height>9</board_height>
<square_size>3.3333332061767578e+001</square_size>
<!-- flags: -->
<flags>6144</flags>
<fisheye_model>0</fisheye_model>
<camera_matrix type_id="opencv-matrix">
  <rows>3</rows>
  <cols>3</cols>
  <dt>d</dt>
  <data>
    2.5926400458591036e+002 0. 2.9978071281614808e+002 0.
    2.5927335269702604e+002 2.2892300116613632e+002 0. 0. 1.</data></camera_matrix>
<distortion_coefficients type_id="opencv-matrix">
  <rows>5</rows>
  <cols>1</cols>
  <dt>d</dt>
  <data>
    -2.4420845553078229e-003 -8.8564468694939044e-002
    9.4360371216607264e-004 -1.9073202157115184e-004
    3.1300834560999864e-002</data></distortion_coefficients>
<avg_reprojection_error>2.4051722264669856e-001</avg_reprojection_error>
<per_view_reprojection_errors type_id="opencv-matrix">
  <rows>5</rows>
  <cols>1</cols>
  <dt>f</dt>
  <data>
    1.41490698e-001 2.11673588e-001 4.21983868e-001 1.65057063e-001
    1.38214082e-001</data></per_view_reprojection_errors>
<extrinsic_parameters type_id="opencv-matrix">
  <rows>5</rows>
  <cols>6</cols>
  <dt>d</dt>
  <data>
    -2.2708291739220836e-003 9.4198082836476071e-002
    1.9888877363540863e-002 -1.6570615883626854e+002
    -1.4476669369787862e+002 3.0668387322679939e+002
    2.7933847795226369e-003 2.8785386454724843e-001
    1.9141501442416553e-001 -1.4608388659666645e+002
    -1.7691256294354824e+002 3.4191700817029243e+002
    -9.0946567303301622e-003 -1.0204112714753577e-001
    -1.5170217502841923e-001 -1.7249002461755376e+002
    -1.1072929395096996e+002 2.6801270681677357e+002
    -2.6228976403512372e-001 8.9680725171392195e-002
    2.8529580473774210e-002 -1.6245629874283608e+002
    -1.5781816021473364e+002 3.4309593312579494e+002
    2.5647810660321502e-001 9.7465976439466862e-002
    1.0949399891594267e-002 -1.6885439030608799e+002
    -1.2279106840169040e+002 2.7470484696177783e+002</data></extrinsic_parameters>
<image_points type_id="opencv-matrix">
  <rows>5</rows>
  <cols>117</cols>
  <dt>"2f"</dt>
  <data>
    1.62615631e+002 1.09075386e+002 1.88299957e+002 1.07654129e+002
    2.14744919e+002 1.06391006e+002 2.42553589e+002 1.05391479e+002
    2.70740021e+002 1.04390778e+002 3.00065552e+002 1.03567444e+002
    3.29537170e+002 1.02977669e+002 3.59816833e+002 1.02432205e+002
    3.90382690e+002 1.02279152e+002 4.21188965e+002 1.02238472e+002
    4.51481537e+002 1.02731354e+002 4.81372375e+002 1.03788536e+002
    5.09857727e+002 1.05356522e+002 1.61308792e+002 1.36237335e+002
    1.87010925e+002 1.35304672e+002 2.13968140e+002 1.34502747e+002
    2.41582581e+002 1.33832352e+002 2.70280548e+002 1.33285080e+002
    2.99306366e+002 1.32813904e+002 3.29215942e+002 1.32352539e+002
    3.59466309e+002 1.32159622e+002 3.90395416e+002 1.31924561e+002
    4.21292084e+002 1.32118759e+002 4.52325073e+002 1.32532608e+002
    4.82329498e+002 1.33355286e+002 5.11683167e+002 1.34514313e+002
    1.60011200e+002 1.63678894e+002 1.86212051e+002 1.63353470e+002
    2.13051270e+002 1.62950470e+002 2.40953857e+002 1.62632813e+002
    2.69455536e+002 1.62503113e+002 2.98756622e+002 1.62392700e+002
    3.28570526e+002 1.62233383e+002 3.59151703e+002 1.62236053e+002
    3.89988617e+002 1.62188416e+002 4.21404022e+002 1.62308716e+002
    4.52556396e+002 1.62807312e+002 4.83460266e+002 1.63454208e+002
    5.12605591e+002 1.64494995e+002 1.59248596e+002 1.91484985e+002
    1.85257019e+002 1.91433014e+002 2.12439789e+002 1.91466614e+002
    2.40224289e+002 1.91596008e+002 2.68836792e+002 1.91705048e+002
    2.97995331e+002 1.91982117e+002 3.28070496e+002 1.92129547e+002
    3.58527557e+002 1.92395920e+002 3.89752411e+002 1.92633728e+002
    4.21136871e+002 1.92928787e+002 4.52632172e+002 1.93503510e+002
    4.83408966e+002 1.94223221e+002 5.13063049e+002 1.95060165e+002
    1.58341507e+002 2.19416824e+002 1.84727371e+002 2.19761795e+002
    2.11588348e+002 2.20259323e+002 2.39581970e+002 2.20682571e+002
    2.68184753e+002 2.21199310e+002 2.97610321e+002 2.21590469e+002
    3.27373413e+002 2.22151459e+002 3.57950623e+002 2.22620285e+002
    3.88992188e+002 2.23304657e+002 4.20624023e+002 2.23785156e+002
    4.52052887e+002 2.24472427e+002 4.83346283e+002 2.25210175e+002
    5.12923279e+002 2.25799484e+002 1.58038254e+002 2.47398193e+002
    1.84084152e+002 2.48157196e+002 2.11291214e+002 2.48914673e+002
    2.39063599e+002 2.49690079e+002 2.67658722e+002 2.50493561e+002
    2.96826263e+002 2.51401291e+002 3.26800751e+002 2.52214615e+002
    3.57373108e+002 2.53046371e+002 3.88594513e+002 2.53909622e+002
    4.19823944e+002 2.54759552e+002 4.51521790e+002 2.55451782e+002
    4.82315247e+002 2.56284729e+002 5.12243103e+002 2.56568481e+002
    1.57680099e+002 2.75151947e+002 1.83645355e+002 2.76450531e+002
    2.10637787e+002 2.77583710e+002 2.38567337e+002 2.78790253e+002
    2.67073151e+002 2.79794769e+002 2.96388855e+002 2.81043030e+002
    3.26252136e+002 2.82255768e+002 3.56829834e+002 2.83387482e+002
    3.87797699e+002 2.84513611e+002 4.19279541e+002 2.85534973e+002
    4.50609894e+002 2.86435852e+002 4.81429352e+002 2.86933197e+002
    5.11368256e+002 2.87383881e+002 1.57405853e+002 3.03050415e+002
    1.83409149e+002 3.04648254e+002 2.10278091e+002 3.06264740e+002
    2.38025879e+002 3.07770569e+002 2.66551025e+002 3.09337677e+002
    2.95762695e+002 3.10805969e+002 3.25600525e+002 3.12338196e+002
    3.56088593e+002 3.13695190e+002 3.87103790e+002 3.15045593e+002
    4.18281281e+002 3.16252838e+002 4.49541748e+002 3.17131378e+002
    4.80132660e+002 3.17710114e+002 5.09147186e+002 3.17494751e+002
    1.57832581e+002 3.30115753e+002 1.83156982e+002 3.32739838e+002
    2.09913803e+002 3.34758942e+002 2.37631622e+002 3.36738098e+002
    2.66002380e+002 3.38604584e+002 2.95217438e+002 3.40422180e+002
    3.24968994e+002 3.42237671e+002 3.55339691e+002 3.43925232e+002
    3.86060730e+002 3.45441193e+002 4.17117737e+002 3.46678131e+002
    4.47896179e+002 3.47490631e+002 4.77923859e+002 3.47700378e+002
    5.07120453e+002 3.47673431e+002 1.90913239e+002 9.71808548e+001
    2.11630661e+002 9.75300140e+001 2.33553482e+002 9.83961105e+001
    2.57259399e+002 9.93338394e+001 2.82301788e+002 1.00422302e+002
    3.09296234e+002 1.01796448e+002 3.37732941e+002 1.03359810e+002
    3.68213257e+002 1.05229851e+002 4.00231781e+002 1.07412605e+002
    4.34262878e+002 1.10170425e+002 4.69091614e+002 1.13556534e+002
    5.04788727e+002 1.17963219e+002 5.39815491e+002 1.23206154e+002
    1.86178421e+002 1.21374260e+002 2.06521988e+002 1.22713570e+002
    2.28630707e+002 1.24303185e+002 2.51953430e+002 1.26158516e+002
    2.77153046e+002 1.28146378e+002 3.03642212e+002 1.30330276e+002
    3.32190887e+002 1.32783142e+002 3.62360779e+002 1.35550903e+002
    3.94648010e+002 1.38540756e+002 4.28555359e+002 1.42150696e+002
    4.64108337e+002 1.46261490e+002 5.00059204e+002 1.50946243e+002
    5.36171143e+002 1.56415604e+002 1.81280075e+002 1.45784683e+002
    2.01818192e+002 1.47889450e+002 2.23526642e+002 1.50393097e+002
    2.46906830e+002 1.53074875e+002 2.71675659e+002 1.55896027e+002
    2.98310028e+002 1.59082596e+002 3.26328705e+002 1.62474625e+002
    3.56523376e+002 1.66023804e+002 3.88467896e+002 1.70041687e+002
    4.22570251e+002 1.74382904e+002 4.58081818e+002 1.79377289e+002
    4.94909393e+002 1.84625687e+002 5.31193359e+002 1.90655914e+002
    1.76858154e+002 1.70274475e+002 1.97063965e+002 1.73282333e+002
    2.18826950e+002 1.76450577e+002 2.41703674e+002 1.79877151e+002
    2.66542175e+002 1.83697205e+002 2.92635925e+002 1.87685760e+002
    3.20711304e+002 1.91897552e+002 3.50477234e+002 1.96553574e+002
    3.82406158e+002 2.01483322e+002 4.16182007e+002 2.06843796e+002
    4.51846497e+002 2.12591354e+002 4.88537018e+002 2.18903534e+002
