<?xml version="1.0"?>
<opencv_storage>
<cameraMatrixL type_id="opencv-matrix">
  <rows>3</rows>
  <cols>3</cols>
  <dt>d</dt>
  <data>
    2.5926400458591036e+002 0. 2.9978071281614808e+002 0.
    2.5927335269702604e+002 2.2892300116613632e+002 0. 0. 1.</data></cameraMatrixL>
<cameraDistcoeffL type_id="opencv-matrix">
  <rows>5</rows>
  <cols>1</cols>
  <dt>d</dt>
  <data>
    -2.4420845553078229e-003 -8.8564468694939044e-002
    9.4360371216607264e-004 -1.9073202157115184e-004
    3.1300834560999864e-002</data></cameraDistcoeffL>
<cameraMatrixR type_id="opencv-matrix">
  <rows>3</rows>
  <cols>3</cols>
  <dt>d</dt>
  <data>
    2.5926400458591036e+002 0. 2.9978071281614808e+002 0.
    2.5927335269702604e+002 2.2892300116613632e+002 0. 0. 1.</data></cameraMatrixR>
<cameraDistcoeffR type_id="opencv-matrix">
  <rows>5</rows>
  <cols>1</cols>
  <dt>d</dt>
  <data>
    -2.4420845553078229e-003 -8.8564468694939044e-002
    9.4360371216607264e-004 -1.9073202157115184e-004
    3.1300834560999864e-002</data></cameraDistcoeffR>
<R type_id="opencv-matrix">
  <rows>3</rows>
  <cols>3</cols>
  <dt>d</dt>
  <data>
    8.6897434378971194e-001 -3.3035990014421163e-001
    3.6843714010933515e-001 3.3535039908998815e-001
    9.4063059445745612e-001 5.2480421118721102e-002
    -3.6390067280155580e-001 7.7951402471791040e-002
    9.2817017792388468e-001</data></R>
<T type_id="opencv-matrix">
  <rows>3</rows>
  <cols>1</cols>
  <dt>d</dt>
  <data>
    4.1362738346092058e+001 6.6150796561763014e+000
    -1.9147730570594636e+001</data></T>
<Rl type_id="opencv-matrix">
  <rows>3</rows>
  <cols>3</cols>
  <dt>d</dt>
  <data>
    9.7985425727176778e-001 -1.9399409985485280e-001
    -4.7454438442550845e-002 1.9474037263580535e-001
    9.8078623698562584e-001 1.1599336413934352e-002
    4.4292457281800618e-002 -2.0606954192246271e-002
    9.9880605307880399e-001</data></Rl>
<Rr type_id="opencv-matrix">
  <rows>3</rows>
  <cols>3</cols>
  <dt>d</dt>
  <data>
    8.9807210409363769e-001 1.4362730184498426e-001
    -4.1573753019610382e-001 -1.5051442945730922e-001
    9.8847254087353198e-001 1.6353668217385070e-002
    4.1329396605076052e-001 4.7887723935821157e-002
    9.0933759601276765e-001</data></Rr>
<Pl type_id="opencv-matrix">
  <rows>3</rows>
  <cols>4</cols>
  <dt>d</dt>
  <data>
    2.5776631958010620e+002 0. 5.5066351890563965e+002 0. 0.
    2.5776631958010620e+002 2.1883811378479004e+002 0. 0. 0. 1. 0.</data></Pl>
<Pr type_id="opencv-matrix">
  <rows>3</rows>
  <cols>4</cols>
  <dt>d</dt>
  <data>
    2.5776631958010620e+002 0. 5.5066351890563965e+002
    1.1872009811492168e+004 0. 2.5776631958010620e+002
    2.1883811378479004e+002 0. 0. 0. 1. 0.</data></Pr>
<Q type_id="opencv-matrix">
  <rows>4</rows>
  <cols>4</cols>
  <dt>d</dt>
  <data>
    1. 0. 0. -5.5066351890563965e+002 0. 1. 0. -2.1883811378479004e+002
    0. 0. 0. 2.5776631958010620e+002 0. 0. -2.1712104662395666e-002 0.</data></Q>
</opencv_storage>
