<?xml version="1.0"?>
<opencv_storage>
<CameraWorld type_id="opencv-matrix">
  <rows>4</rows>
  <cols>4</cols>
  <dt>d</dt>
  <data>
    9.9960423884280369e-001 -1.1378865080960148e-002
    -2.5727166905207356e-002 1.3475344443206572e+001
    -1.1378865080960145e-002 6.7283658798666268e-001
    -7.3970362125376610e-001 -8.6928165405120481e+001
    2.5727166905207356e-002 7.3970362125376610e-001
    6.7244082682946638e-001 0. 0. 0. 0. 1.</data></CameraWorld>
</opencv_storage>
