<?xml version="1.0"?>
<opencv_storage>
<H_lc type_id="opencv-matrix">
  <rows>4</rows>
  <cols>4</cols>
  <dt>d</dt>
  <data>
    9.9427540805475101e-001 -9.7768967593745093e-002
    -4.3100370221282228e-002 7.1055508283705295e+000
    -9.7768967593745093e-002 -6.6977334205975869e-001
    -7.3610114742591970e-001 1.2135404153150536e+002
    4.3100370221282228e-002 7.3610114742591970e-001
    -6.7549793400500757e-001 1.1136296231074617e+002 0. 0. 0. 1.</data></H_lc>
<H_cw1 type_id="opencv-matrix">
  <rows>4</rows>
  <cols>4</cols>
  <dt>d</dt>
  <data>
    9.9960423884280369e-001 -1.1378865080960148e-002
    -2.5727166905207356e-002 1.3475344443206572e+001
    -1.1378865080960145e-002 6.7283658798666268e-001
    -7.3970362125376610e-001 -8.6928165405120481e+001
    2.5727166905207356e-002 7.3970362125376610e-001
    6.7244082682946638e-001 0. 0. 0. 0. 1.</data></H_cw1>
<H_lw type_id="opencv-matrix">
  <rows>4</rows>
  <cols>4</cols>
  <dt>d</dt>
  <data>
    9.9388556194168221e-001 -1.0904681101881183e-001
    -1.7328669034118793e-002 1.6332158386515630e+001
    1.0897776421838609e-001 9.9403219466456316e-001
    -4.8829167835056642e-003 8.7733165761678180e+001
    1.7757721414312474e-002 2.9646208830704790e-003
    9.9983792404228788e-001 -1.6483383212116621e+002 0. 0. 0. 1.</data></H_lw>
<H_cw type_id="opencv-matrix">
  <rows>4</rows>
  <cols>4</cols>
  <dt>d</dt>
  <data>
    9.9960423884280369e-001 -1.1378865080960129e-002
    -2.5727166905207377e-002 1.3475344443206570e+001
    1.1378865080960131e-002 -6.7283658798666279e-001
    7.3970362125376599e-001 8.6928165405120453e+001
    -2.5727166905207356e-002 -7.3970362125376588e-001
    -6.7244082682946660e-001 0. 0. 0. 0. 1.</data></H_cw>
<H_wc type_id="opencv-matrix">
  <rows>4</rows>
  <cols>4</cols>
  <dt>d</dt>
  <data>
    9.9960423884280369e-001 1.1378865080960166e-002
    -2.5727166905207360e-002 -1.4459155291176362e+001
    -1.1378865080960148e-002 -6.7283658798666302e-001
    -7.3970362125376599e-001 5.8641784337460244e+001
    -2.5727166905207349e-002 7.3970362125376599e-001
    -6.7244082682946660e-001 -6.3954396303518408e+001 0. 0. 0. 1.</data></H_wc>
</opencv_storage>
