<?xml version="1.0"?>
<opencv_storage>
<LaserCamera type_id="opencv-matrix">
  <rows>4</rows>
  <cols>4</cols>
  <dt>d</dt>
  <data>
    9.9427540805475101e-001 -9.7768967593745093e-002
    -4.3100370221282228e-002 7.1055508283705295e+000
    -9.7768967593745093e-002 -6.6977334205975869e-001
    -7.3610114742591970e-001 1.2135404153150536e+002
    4.3100370221282228e-002 7.3610114742591970e-001
    -6.7549793400500757e-001 1.1136296231074617e+002 0. 0. 0. 1.</data></LaserCamera>
</opencv_storage>
