<?xml version="1.0"?>
<opencv_storage>
<cameraMatrixL type_id="opencv-matrix">
  <rows>3</rows>
  <cols>3</cols>
  <dt>d</dt>
  <data>
    2.6336402318299201e+002 0. 3.0153465010193150e+002 0.
    2.6330611795453069e+002 2.4338410054737611e+002 0. 0. 1.</data></cameraMatrixL>
<cameraDistcoeffL type_id="opencv-matrix">
  <rows>5</rows>
  <cols>1</cols>
  <dt>d</dt>
  <data>
    -1.1899496791839673e-002 -7.1175492732179116e-002
    2.1178875080444897e-004 -3.1499634141037323e-004
    2.2971247752364393e-002</data></cameraDistcoeffL>
<cameraMatrixR type_id="opencv-matrix">
  <rows>3</rows>
  <cols>3</cols>
  <dt>d</dt>
  <data>
    2.6336402318299201e+002 0. 3.0153465010193150e+002 0.
    2.6330611795453069e+002 2.4338410054737611e+002 0. 0. 1.</data></cameraMatrixR>
<cameraDistcoeffR type_id="opencv-matrix">
  <rows>5</rows>
  <cols>1</cols>
  <dt>d</dt>
  <data>
    -1.1899496791839673e-002 -7.1175492732179116e-002
    2.1178875080444897e-004 -3.1499634141037323e-004
    2.2971247752364393e-002</data></cameraDistcoeffR>
<R type_id="opencv-matrix">
  <rows>3</rows>
  <cols>3</cols>
  <dt>d</dt>
  <data>
    8.6536793770716691e-001 -2.1383916589736152e-001
    4.5322306154559866e-001 2.1585636154314319e-001
    9.7524506650612541e-001 4.7990534866981696e-002
    -4.5226581074607075e-001 5.6301610845373135e-002
    8.9010435626751960e-001</data></R>
<T type_id="opencv-matrix">
  <rows>3</rows>
  <cols>1</cols>
  <dt>d</dt>
  <data>
    2.6088485500407440e+001 -1.4470638574222020e+001
    2.8550596709797588e+001</data></T>
<Rl type_id="opencv-matrix">
  <rows>3</rows>
  <cols>3</cols>
  <dt>d</dt>
  <data>
    1.5838125357845970e-001 -4.3793229672035511e-001
    8.8494671139235859e-001 4.3672775734930258e-001
    8.3489178404949493e-001 3.3499936550283221e-001
    -8.8554178019761665e-001 3.3342317318369818e-001
    3.2348839717762568e-001</data></Rl>
<Rr type_id="opencv-matrix">
  <rows>3</rows>
  <cols>3</cols>
  <dt>d</dt>
  <data>
    6.3178339367281833e-001 -3.5043464469763885e-001
    6.9140820307174267e-001 3.5122707405016451e-001
    9.2457135687766490e-001 1.4767311365158428e-001
    -6.9100599558427611e-001 1.4954385924214050e-001
    7.0721096444381426e-001</data></Rr>
<Pl type_id="opencv-matrix">
  <rows>3</rows>
  <cols>4</cols>
  <dt>d</dt>
  <data>
    2.5607529665237195e+002 0. 7.9570632314682007e+002 0. 0.
    2.5607529665237195e+002 7.2374520754814148e+002 0. 0. 0. 1. 0.</data></Pl>
<Pr type_id="opencv-matrix">
  <rows>3</rows>
  <cols>4</cols>
  <dt>d</dt>
  <data>
    2.5607529665237195e+002 0. 7.9570632314682007e+002
    1.0574220105550336e+004 0. 2.5607529665237195e+002
    7.2374520754814148e+002 0. 0. 0. 1. 0.</data></Pr>
<Q type_id="opencv-matrix">
  <rows>4</rows>
  <cols>4</cols>
  <dt>d</dt>
  <data>
    1. 0. 0. -7.9570632314682007e+002 0. 1. 0. -7.2374520754814148e+002
    0. 0. 0. 2.5607529665237195e+002 0. 0. -2.4216944048475006e-002 0.</data></Q>
</opencv_storage>
