<?xml version="1.0"?>
<opencv_storage>
<CameraWorld type_id="opencv-matrix">
  <rows>4</rows>
  <cols>4</cols>
  <dt>d</dt>
  <data>
    9.9995187515772888e-001 -5.2431850304998084e-003
    -8.2919466518812865e-003 -7.2968854316599661e+001
    -5.2431850304998067e-003 4.2875679240238102e-001
    -9.0340473874092408e-001 -3.2215134085681207e+001
    8.2919466518812865e-003 9.0340473874092408e-001
    4.2870866756010995e-001 0. 0. 0. 0. 1.</data></CameraWorld>
</opencv_storage>
