<?xml version="1.0"?>
<opencv_storage>
<calibration_time>"10/09/17 11:01:06"</calibration_time>
<nr_of_frames>5</nr_of_frames>
<image_width>640</image_width>
<image_height>480</image_height>
<board_width>13</board_width>
<board_height>9</board_height>
<square_size>3.3333332061767578e+001</square_size>
<!-- flags: -->
<flags>6144</flags>
<fisheye_model>0</fisheye_model>
<camera_matrix type_id="opencv-matrix">
  <rows>3</rows>
  <cols>3</cols>
  <dt>d</dt>
  <data>
    2.6336402318299201e+002 0. 3.0153465010193150e+002 0.
    2.6330611795453069e+002 2.4338410054737611e+002 0. 0. 1.</data></camera_matrix>
<distortion_coefficients type_id="opencv-matrix">
  <rows>5</rows>
  <cols>1</cols>
  <dt>d</dt>
  <data>
    -1.1899496791839673e-002 -7.1175492732179116e-002
    2.1178875080444897e-004 -3.1499634141037323e-004
    2.2971247752364393e-002</data></distortion_coefficients>
<avg_reprojection_error>1.9300844787259702e-001</avg_reprojection_error>
<per_view_reprojection_errors type_id="opencv-matrix">
  <rows>5</rows>
  <cols>1</cols>
  <dt>f</dt>
  <data>
    1.89998090e-001 1.93677649e-001 1.94693282e-001 2.02928916e-001
    1.83208570e-001</data></per_view_reprojection_errors>
<extrinsic_parameters type_id="opencv-matrix">
  <rows>5</rows>
  <cols>6</cols>
  <dt>d</dt>
  <data>
    1.4222780449386893e-001 6.3003778885508163e-002
    2.8657943514522895e-002 -2.0729852579637463e+002
    -1.4275767185913196e+002 2.3942470259493695e+002
    1.3941810539171282e-001 3.0464320248506166e-001
    1.2092872920381781e-001 -2.0489572083689015e+002
    -1.6435252252206632e+002 2.8583128793189741e+002
    1.4280648858739173e-001 -1.7929223845460071e-001
    -6.3772889326679419e-002 -1.9647792146131036e+002
    -1.2154650674852805e+002 1.9406464851622624e+002
    -1.1661735073926033e-001 5.7767192836601172e-002
    3.2972186229997293e-002 -2.0502014467169420e+002
    -1.6096477845140393e+002 2.7365338844638313e+002
    4.0052644876841570e-001 6.7353789278724513e-002
    2.4030687564325675e-002 -2.0952812908185922e+002
    -1.1642481541870208e+002 2.1098396635546780e+002</data></extrinsic_parameters>
<image_points type_id="opencv-matrix">
  <rows>5</rows>
  <cols>117</cols>
  <dt>"2f"</dt>
  <data>
    8.87705231e+001 9.70629349e+001 1.18191917e+002 9.41276245e+001
    1.49490707e+002 9.17068100e+001 1.83381775e+002 8.98526840e+001
    2.18366974e+002 8.87036743e+001 2.55142532e+002 8.79151993e+001
    2.92512787e+002 8.75680084e+001 3.31174042e+002 8.77058487e+001
    3.69539093e+002 8.81613846e+001 4.08473419e+002 8.90697403e+001
    4.46606995e+002 9.06928482e+001 4.83749512e+002 9.32890244e+001
    5.18413208e+002 9.67850113e+001 8.89773026e+001 1.31386337e+002
    1.18149971e+002 1.29548126e+002 1.50099136e+002 1.28211319e+002
    1.83483200e+002 1.27320335e+002 2.18673080e+002 1.26942406e+002
    2.54593613e+002 1.26831757e+002 2.91968079e+002 1.26955864e+002
    3.29578278e+002 1.27291351e+002 3.67921967e+002 1.27742775e+002
    4.06204407e+002 1.28656570e+002 4.44678223e+002 1.30015900e+002
    4.81648804e+002 1.31882385e+002 5.17105103e+002 1.34393005e+002
    8.96741180e+001 1.65684891e+002 1.19271721e+002 1.65074310e+002
    1.50753174e+002 1.64579620e+002 1.84297211e+002 1.64466873e+002
    2.18801926e+002 1.64584961e+002 2.54673859e+002 1.65006821e+002
    2.91007996e+002 1.65566803e+002 3.28338257e+002 1.66133057e+002
    3.65863739e+002 1.66775635e+002 4.04146545e+002 1.67686707e+002
    4.42042633e+002 1.68680908e+002 4.79491608e+002 1.70261337e+002
    5.14632385e+002 1.72198395e+002 9.16025009e+001 1.99623657e+002
    1.20763588e+002 1.99733932e+002 1.52359695e+002 2.00138275e+002
    1.85145569e+002 2.00685501e+002 2.19543686e+002 2.01317108e+002
    2.54463806e+002 2.02121262e+002 2.90413391e+002 2.02873825e+002
    3.26711578e+002 2.03740997e+002 3.63950897e+002 2.04667496e+002
    4.01430695e+002 2.05668732e+002 4.38858368e+002 2.06702469e+002
    4.75571106e+002 2.08175247e+002 5.10969940e+002 2.09555679e+002
    9.37787399e+001 2.32820648e+002 1.23115372e+002 2.33680618e+002
    1.53677353e+002 2.34583908e+002 1.86396301e+002 2.35567032e+002
    2.19959000e+002 2.36581985e+002 2.54580780e+002 2.37721832e+002
    2.89727966e+002 2.38821716e+002 3.25460114e+002 2.40073807e+002
    3.61710693e+002 2.41141830e+002 3.98507263e+002 2.42408737e+002
    4.35302948e+002 2.43548889e+002 4.71851593e+002 2.44758316e+002
    5.06640869e+002 2.46031387e+002 9.67472916e+001 2.64908386e+002
    1.25412224e+002 2.66405853e+002 1.55744873e+002 2.67920532e+002
    1.87752533e+002 2.69294739e+002 2.20693741e+002 2.70696289e+002
    2.54619598e+002 2.72052948e+002 2.89198273e+002 2.73452942e+002
    3.24139679e+002 2.74858826e+002 3.59728363e+002 2.76292297e+002
    3.95691925e+002 2.77582153e+002 4.31821716e+002 2.78849548e+002
    4.67410461e+002 2.80205994e+002 5.01869934e+002 2.80995575e+002
    1.00089325e+002 2.95708893e+002 1.28067535e+002 2.97866943e+002
    1.57952454e+002 2.99870453e+002 1.89254974e+002 3.01674561e+002
    2.21539749e+002 3.03439697e+002 2.54811676e+002 3.05056061e+002
    2.88541077e+002 3.06734436e+002 3.22901306e+002 3.08466766e+002
    3.57803162e+002 3.10029846e+002 3.93007294e+002 3.11568787e+002
    4.28325226e+002 3.12840973e+002 4.63066925e+002 3.13833130e+002
    4.97417786e+002 3.14889099e+002 1.03310654e+002 3.25383392e+002
    1.31108780e+002 3.28083740e+002 1.60116592e+002 3.30587982e+002
    1.90769562e+002 3.32798828e+002 2.22296722e+002 3.34942657e+002
    2.54867386e+002 3.37034088e+002 2.88015076e+002 3.38949280e+002
    3.21690216e+002 3.40705109e+002 3.55716248e+002 3.42482178e+002
    3.90211273e+002 3.44071350e+002 4.24584869e+002 3.45333801e+002
    4.58996368e+002 3.46598877e+002 4.91165314e+002 3.46420471e+002
    1.07223930e+002 3.53709045e+002 1.34036697e+002 3.56938965e+002
    1.62582977e+002 3.59775543e+002 1.92365387e+002 3.62483795e+002
    2.23314407e+002 3.65090027e+002 2.55179718e+002 3.67273682e+002
    2.87574951e+002 3.69563324e+002 3.20374084e+002 3.71570068e+002
    3.53782166e+002 3.73496368e+002 3.87347626e+002 3.74991547e+002
    4.21046692e+002 3.76497711e+002 4.53651428e+002 3.76725281e+002
    4.85776093e+002 3.77054810e+002 1.21286819e+002 9.89505997e+001
    1.42428650e+002 9.66802444e+001 1.65451492e+002 9.44954529e+001
    1.91160049e+002 9.24842377e+001 2.19091522e+002 9.06951675e+001
    2.50145981e+002 8.91180725e+001 2.83781006e+002 8.76197815e+001
    3.20889709e+002 8.63583755e+001 3.60526520e+002 8.55163040e+001
    4.04045013e+002 8.51717072e+001 4.49680237e+002 8.57571716e+001
    4.97287048e+002 8.79306412e+001 5.44216431e+002 9.20639725e+001
    1.19929565e+002 1.28686111e+002 1.40689209e+002 1.27816154e+002
    1.63815033e+002 1.27178658e+002 1.88992615e+002 1.26707619e+002
    2.16953018e+002 1.26556480e+002 2.47182510e+002 1.26566620e+002
    2.80453857e+002 1.26759903e+002 3.16541382e+002 1.27337669e+002
    3.55983795e+002 1.27988831e+002 3.98345367e+002 1.29027786e+002
    4.44201202e+002 1.30712936e+002 4.91514526e+002 1.33485306e+002
    5.39477112e+002 1.37663986e+002 1.18733414e+002 1.58175293e+002
    1.39689987e+002 1.58719940e+002 1.62345490e+002 1.59499130e+002
    1.87543549e+002 1.60495193e+002 2.14779251e+002 1.61749817e+002
    2.44799591e+002 1.63398804e+002 2.77086914e+002 1.65193604e+002
    3.12554138e+002 1.67255020e+002 3.50696136e+002 1.69474915e+002
    3.92580414e+002 1.72063049e+002 4.37516968e+002 1.75186142e+002
    4.85165375e+002 1.78958267e+002 5.32856323e+002 1.83955948e+002
    1.18345306e+002 1.87271423e+002 1.38808838e+002 1.89017258e+002
    1.61568130e+002 1.91134781e+002 1.86087234e+002 1.93347061e+002
    2.13152588e+002 1.96030075e+002 2.42343765e+002 1.98915710e+002
    2.74175568e+002 2.02128784e+002 3.08338867e+002 2.05671707e+002
    3.45832520e+002 2.09509705e+002 3.86490997e+002 2.13748398e+002
    4.30502808e+002 2.18380173e+002 4.76978851e+002 2.23686127e+002
    5.24599487e+002 2.29438522e+002 1.18249565e+002 2.15525894e+002
