<?xml version="1.0"?>
<opencv_storage>
<LaserCamera type_id="opencv-matrix">
  <rows>4</rows>
  <cols>4</cols>
  <dt>d</dt>
  <data>
    9.9870542259984540e-001 4.2498943789251099e-002
    2.7952077677022204e-002 -4.3831062760200812e+000
    4.2498943789251099e-002 -3.9517360876702456e-001
    -9.1762283031256631e-001 1.4389049833918449e+002
    -2.7952077677022204e-002 9.1762283031256631e-001
    -3.9646818616717905e-001 6.2169339077795065e+001 0. 0. 0. 1.</data></LaserCamera>
</opencv_storage>
