<?xml version="1.0"?>
<opencv_storage>
<H_lc type_id="opencv-matrix">
  <rows>4</rows>
  <cols>4</cols>
  <dt>d</dt>
  <data>
    9.9870542259984540e-001 4.2498943789251099e-002
    2.7952077677022204e-002 -4.3831062760200812e+000
    4.2498943789251099e-002 -3.9517360876702456e-001
    -9.1762283031256631e-001 1.4389049833918449e+002
    -2.7952077677022204e-002 9.1762283031256631e-001
    -3.9646818616717905e-001 6.2169339077795065e+001 0. 0. 0. 1.</data></H_lc>
<H_cw1 type_id="opencv-matrix">
  <rows>4</rows>
  <cols>4</cols>
  <dt>d</dt>
  <data>
    9.9995187515772888e-001 -5.2431850304998084e-003
    -8.2919466518812865e-003 -7.2968854316599661e+001
    -5.2431850304998067e-003 4.2875679240238102e-001
    -9.0340473874092408e-001 -3.2215134085681207e+001
    8.2919466518812865e-003 9.0340473874092408e-001
    4.2870866756010995e-001 0. 0. 0. 0. 1.</data></H_cw1>
<H_lw type_id="opencv-matrix">
  <rows>4</rows>
  <cols>4</cols>
  <dt>d</dt>
  <data>
    9.9866630736992679e-001 3.6959987328720287e-002
    3.6049491824098945e-002 -7.8621699006260513e+001
    -3.8237352928990165e-002 9.9864101204414213e-001
    3.5412341131809522e-002 2.6662199650650173e+001
    -3.4691661319383192e-002 -3.6743549095217043e-002
    9.9872238396602908e-001 -1.5660754809513625e+002 0. 0. 0. 1.</data></H_lw>
<H_cw type_id="opencv-matrix">
  <rows>4</rows>
  <cols>4</cols>
  <dt>d</dt>
  <data>
    9.9995187515772888e-001 -5.2431850304998084e-003
    -8.2919466518812900e-003 -7.2968854316599661e+001
    5.2431850304998180e-003 -4.2875679240238129e-001
    9.0340473874092408e-001 3.2215134085681221e+001
    -8.2919466518812865e-003 -9.0340473874092420e-001
    -4.2870866756011006e-001 0. 0. 0. 0. 1.</data></H_cw>
<H_wc type_id="opencv-matrix">
  <rows>4</rows>
  <cols>4</cols>
  <dt>d</dt>
  <data>
    9.9995187515772910e-001 5.2431850304998102e-003
    -8.2919466518812917e-003 7.2796432793201390e+001
    -5.2431850304998006e-003 -4.2875679240238118e-001
    -9.0340473874092397e-001 1.3429868352743782e+001
    -8.2919466518812986e-003 9.0340473874092420e-001
    -4.2870866756011028e-001 -2.9708358639420830e+001 0. 0. 0. 1.</data></H_wc>
</opencv_storage>
