<?xml version="1.0"?>
<opencv_storage>
<H_lc type_id="opencv-matrix">
  <rows>4</rows>
  <cols>4</cols>
  <dt>d</dt>
  <data>
    9.9382437683139002e-001 9.4679043485359660e-002
    5.7870430622180329e-002 -1.0092782132045865e+001
    9.4679043485359660e-002 -4.5153307294822231e-001
    -8.8721686343229145e-001 1.5473336573146511e+002
    -5.7870430622180329e-002 8.8721686343229145e-001
    -4.5770869611683218e-001 7.9825812598660903e+001 0. 0. 0. 1.</data></H_lc>
<H_cw1 type_id="opencv-matrix">
  <rows>4</rows>
  <cols>4</cols>
  <dt>d</dt>
  <data>
    9.9998632924195574e-001 2.9880923307129123e-003
    4.2909944561022664e-003 4.5551195789358481e+000
    2.9880923307129123e-003 3.4687632186382777e-001
    -9.3790611930749512e-001 1.0254404004567920e+002
    -4.2909944561022664e-003 9.3790611930749512e-001
    3.4686265110578340e-001 0. 0. 0. 0. 1.</data></H_cw1>
<H_lw type_id="opencv-matrix">
  <rows>4</rows>
  <cols>4</cols>
  <dt>d</dt>
  <data>
    9.9384537852554167e-001 9.7135569281072892e-002
    5.3254528106677065e-002 -4.7326348743651980e+000
    -9.0088588367775169e-002 9.8846934718638135e-001
    -1.2170618685519347e-001 -8.1318104540358576e+001
    -6.4462468377533680e-002 1.1615950608267755e-001
    9.9113649883217614e-001 -1.7285727163740603e+002 0. 0. 0. 1.</data></H_lw>
<H_cw type_id="opencv-matrix">
  <rows>4</rows>
  <cols>4</cols>
  <dt>d</dt>
  <data>
    9.9998632924195563e-001 2.9880923307128993e-003
    4.2909944561022456e-003 4.5551195789358498e+000
    -2.9880923307128906e-003 -3.4687632186382800e-001
    9.3790611930749523e-001 -1.0254404004567920e+002
    4.2909944561022803e-003 -9.3790611930749512e-001
    -3.4686265110578351e-001 0. 0. 0. 0. 1.</data></H_cw>
<H_wc type_id="opencv-matrix">
  <rows>4</rows>
  <cols>4</cols>
  <dt>d</dt>
  <data>
    9.9998632924195563e-001 -2.9880923307128975e-003
    4.2909944561022473e-003 -4.8614683666190333e+000
    2.9880923307129318e-003 -3.4687632186382783e-001
    -9.3790611930749512e-001 -3.5583710557981568e+001
    4.2909944561022508e-003 9.3790611930749501e-001
    -3.4686265110578351e-001 9.6157136664495255e+001 0. 0. 0. 1.</data></H_wc>
</opencv_storage>
