<?xml version="1.0"?>
<opencv_storage>
<LaserCamera type_id="opencv-matrix">
  <rows>4</rows>
  <cols>4</cols>
  <dt>d</dt>
  <data>
    9.9382437849948801e-001 9.4679029538566981e-002
    5.7870424793167077e-002 -1.0092780852729103e+001
    9.4679029538566981e-002 -4.5153303738281725e-001
    -8.8721688302099078e-001 1.5473336512002820e+002
    -5.7870424793167077e-002 8.8721688302099078e-001
    -4.5770865888332923e-001 7.9825804027127646e+001 0. 0. 0. 1.</data></LaserCamera>
</opencv_storage>
