<?xml version="1.0"?>
<opencv_storage>
<calibration_time>"06/12/18 10:12:59"</calibration_time>
<nr_of_frames>5</nr_of_frames>
<image_width>640</image_width>
<image_height>480</image_height>
<board_width>12</board_width>
<board_height>8</board_height>
<square_size>30.</square_size>
<!-- flags: -->
<flags>6144</flags>
<fisheye_model>0</fisheye_model>
<camera_matrix type_id="opencv-matrix">
  <rows>3</rows>
  <cols>3</cols>
  <dt>d</dt>
  <data>
    2.6272139905925036e+002 0. 3.0578421305510864e+002 0.
    2.6112455449864825e+002 2.3892795492677169e+002 0. 0. 1.</data></camera_matrix>
<distortion_coefficients type_id="opencv-matrix">
  <rows>5</rows>
  <cols>1</cols>
  <dt>d</dt>
  <data>
    -1.6103388181985024e-002 -2.6859468074877286e-002
    -1.2639647354236768e-003 -8.2807125647859335e-004
    -5.0192664223313470e-002</data></distortion_coefficients>
<avg_reprojection_error>1.7430828712115357e-001</avg_reprojection_error>
<per_view_reprojection_errors type_id="opencv-matrix">
  <rows>5</rows>
  <cols>1</cols>
  <dt>f</dt>
  <data>
    1.65054426e-001 1.85693175e-001 2.05355659e-001 1.43439904e-001
    1.65668413e-001</data></per_view_reprojection_errors>
<extrinsic_parameters type_id="opencv-matrix">
  <rows>5</rows>
  <cols>6</cols>
  <dt>d</dt>
  <data>
    -3.1728104286079328e-001 2.3003045718254629e-002
    1.7781868222244371e-002 -1.4790863540534949e+002
    -1.4318638545693852e+002 3.3256189814474845e+002
    -4.7274060621697908e-002 1.9627955287719833e-002
    1.4751400478443213e-002 -1.4867415043704085e+002
    -1.0334277405569807e+002 2.9469731847772698e+002
    2.1801696443411134e-001 1.6883502099904316e-002
    1.2501205718829685e-002 -1.4922562512444190e+002
    -5.5724207381015447e+001 2.6929493260350279e+002
    -4.8085972826774501e-002 2.6272770856116701e-001
    1.1572314638586138e-001 -1.7103232379907450e+002
    -1.1963266877390429e+002 3.3709263794063071e+002
    -4.4008523839240025e-002 -2.2659676378435442e-001
    -8.7862231379617628e-002 -1.1492492047037385e+002
    -8.9366891346353995e+001 2.5841584653874190e+002</data></extrinsic_parameters>
<image_points type_id="opencv-matrix">
  <rows>5</rows>
  <cols>96</cols>
  <dt>"2f"</dt>
  <data>
    1.90295670e+002 1.27920509e+002 2.13112335e+002 1.27568192e+002
    2.36315002e+002 1.27391022e+002 2.59831818e+002 1.27338364e+002
    2.83541321e+002 1.27243004e+002 3.07428711e+002 1.27272308e+002
    3.31309357e+002 1.27241173e+002 3.55306885e+002 1.27372894e+002
    3.79423798e+002 1.27535835e+002 4.03309235e+002 1.27895569e+002
    4.26935638e+002 1.28548492e+002 4.50297455e+002 1.29298599e+002
    1.86116760e+002 1.47228836e+002 2.09618698e+002 1.46912903e+002
    2.33617874e+002 1.46898209e+002 2.58007233e+002 1.46863434e+002
    2.82364166e+002 1.46882645e+002 3.06861176e+002 1.46888550e+002
    3.31611084e+002 1.47114594e+002 3.56428650e+002 1.47266327e+002
    3.81124023e+002 1.47435242e+002 4.05872437e+002 1.47711166e+002
    4.30346252e+002 1.48246719e+002 4.54452698e+002 1.48926422e+002
    1.81727234e+002 1.67653854e+002 2.06230667e+002 1.67638000e+002
    2.30887390e+002 1.67668396e+002 2.55893860e+002 1.67770065e+002
    2.81070496e+002 1.68040085e+002 3.06496124e+002 1.68067337e+002
    3.31898560e+002 1.68277191e+002 3.57474854e+002 1.68433762e+002
    3.82957703e+002 1.68697922e+002 4.08504364e+002 1.68961777e+002
    4.33842804e+002 1.69463715e+002 4.58704254e+002 1.70127686e+002
    1.77335663e+002 1.89656799e+002 2.02445511e+002 1.89800369e+002
    2.27942993e+002 1.90017044e+002 2.53744629e+002 1.90237885e+002
    2.79787201e+002 1.90429413e+002 3.05977753e+002 1.90557983e+002
    3.32130463e+002 1.90791489e+002 3.58531464e+002 1.91128967e+002
    3.85005096e+002 1.91359131e+002 4.11350494e+002 1.91650223e+002
    4.37438446e+002 1.92106903e+002 4.63168121e+002 1.92720276e+002
    1.72539352e+002 2.13251343e+002 1.98493408e+002 2.13400742e+002
    2.24856445e+002 2.13617218e+002 2.51545715e+002 2.13963303e+002
    2.78490631e+002 2.14381897e+002 3.05428070e+002 2.14545731e+002
    3.32468597e+002 2.14908493e+002 3.59722931e+002 2.15240662e+002
    3.86994385e+002 2.15519226e+002 4.14212280e+002 2.15918549e+002
    4.41083466e+002 2.16366943e+002 4.67428436e+002 2.16711349e+002
    1.67610657e+002 2.38251175e+002 1.94305862e+002 2.38601120e+002
    2.21621506e+002 2.38971054e+002 2.49164673e+002 2.39484344e+002
    2.76992584e+002 2.39685944e+002 3.04774353e+002 2.40189697e+002
    3.32760284e+002 2.40641068e+002 3.60943451e+002 2.41061920e+002
    3.88976654e+002 2.41483871e+002 4.17143524e+002 2.41768585e+002
    4.44991821e+002 2.42099792e+002 4.72069946e+002 2.42492325e+002
    1.62486221e+002 2.64847198e+002 1.90143967e+002 2.65429626e+002
    2.18161606e+002 2.65929260e+002 2.46679642e+002 2.66522522e+002
    2.75373718e+002 2.66912689e+002 3.04293762e+002 2.67504669e+002
    3.33103394e+002 2.67984039e+002 3.62225464e+002 2.68478088e+002
    3.91188324e+002 2.68802002e+002 4.20218842e+002 2.69404236e+002
    4.48660980e+002 2.69592773e+002 4.76597656e+002 2.69699249e+002
    1.57286850e+002 2.93276093e+002 1.85520828e+002 2.94184479e+002
    2.14554550e+002 2.94829987e+002 2.43994858e+002 2.95510132e+002
    2.73706635e+002 2.96077667e+002 3.03604614e+002 2.96632935e+002
    3.33521149e+002 2.97281799e+002 3.63476074e+002 2.97689209e+002
    3.93410461e+002 2.98245361e+002 4.23218781e+002 2.98562531e+002
    4.52621613e+002 2.98709717e+002 4.81063568e+002 2.98620636e+002
    1.74915161e+002 1.48391678e+002 2.00618500e+002 1.48253311e+002
    2.26813492e+002 1.48239349e+002 2.53324539e+002 1.48247513e+002
    2.80072906e+002 1.48396240e+002 3.06833374e+002 1.48514496e+002
    3.33961884e+002 1.48616379e+002 3.61064514e+002 1.48795975e+002
    3.88208588e+002 1.49315659e+002 4.15138550e+002 1.49552765e+002
    4.41634491e+002 1.50342438e+002 4.67586487e+002 1.51215164e+002
    1.73418549e+002 1.74201233e+002 1.99524750e+002 1.74077682e+002
    2.25772614e+002 1.74281464e+002 2.52605759e+002 1.74474045e+002
    2.79468567e+002 1.74600342e+002 3.06540955e+002 1.74791885e+002
    3.33626251e+002 1.75100754e+002 3.60965515e+002 1.75322098e+002
    3.88157867e+002 1.75609787e+002 4.15431213e+002 1.76098984e+002
    4.42395264e+002 1.76552841e+002 4.68617279e+002 1.77288513e+002
    1.72162292e+002 2.00305710e+002 1.98346695e+002 2.00423920e+002
    2.25011551e+002 2.00672806e+002 2.51746216e+002 2.01099396e+002
    2.78887604e+002 2.01364243e+002 3.06148224e+002 2.01539993e+002
    3.33438110e+002 2.01828659e+002 3.60791748e+002 2.02191360e+002
    3.88294861e+002 2.02611420e+002 4.15652191e+002 2.02851288e+002
    4.42774689e+002 2.03397202e+002 4.69300842e+002 2.03764832e+002
    1.70947098e+002 2.26830704e+002 1.97409073e+002 2.27156219e+002
    2.24191193e+002 2.27472046e+002 2.51198227e+002 2.27861206e+002
    2.78403473e+002 2.28322708e+002 3.05686157e+002 2.28683990e+002
    3.33222717e+002 2.29025650e+002 3.60641785e+002 2.29387665e+002
    3.88280914e+002 2.29631149e+002 4.15749664e+002 2.30097198e+002
    4.43006714e+002 2.30522766e+002 4.69583160e+002 2.30879501e+002
    1.69857742e+002 2.53679260e+002 1.96397827e+002 2.54216003e+002
    2.23301773e+002 2.54617950e+002 2.50476608e+002 2.54954727e+002
    2.77721313e+002 2.55512405e+002 3.05379486e+002 2.55772919e+002
    3.32766357e+002 2.56379669e+002 3.60457306e+002 2.56707672e+002
    3.88196991e+002 2.57167877e+002 4.15774933e+002 2.57542725e+002
    4.43054993e+002 2.57821472e+002 4.69921265e+002 2.58189392e+002
    1.68865173e+002 2.80645447e+002 1.95369431e+002 2.81372345e+002
    2.22443909e+002 2.81984344e+002 2.49695313e+002 2.82509644e+002
    2.77338196e+002 2.82979889e+002 3.04737396e+002 2.83503632e+002
    3.32547424e+002 2.83854187e+002 3.60322723e+002 2.84431213e+002
    3.88074707e+002 2.84702667e+002 4.15629547e+002 2.85190125e+002
    4.43172272e+002 2.85410706e+002 4.69714935e+002 2.85489868e+002
    1.68014343e+002 3.07854919e+002 1.94570007e+002 3.08852112e+002
