<?xml version="1.0"?>
<opencv_storage>
<CameraWorld type_id="opencv-matrix">
  <rows>4</rows>
  <cols>4</cols>
  <dt>d</dt>
  <data>
    9.9998632924195574e-001 2.9880923307129123e-003
    4.2909944561022664e-003 4.5551195789358481e+000
    2.9880923307129123e-003 3.4687632186382777e-001
    -9.3790611930749512e-001 1.0254404004567920e+002
    -4.2909944561022664e-003 9.3790611930749512e-001
    3.4686265110578340e-001 0. 0. 0. 0. 1.</data></CameraWorld>
</opencv_storage>
