<?xml version="1.0"?>
<opencv_storage>
<cameraMatrixL type_id="opencv-matrix">
  <rows>3</rows>
  <cols>3</cols>
  <dt>d</dt>
  <data>
    2.6272139255616776e+002 0. 3.0578421522342313e+002 0.
    2.6112454840746591e+002 2.3892795694330428e+002 0. 0. 1.</data></cameraMatrixL>
<cameraDistcoeffL type_id="opencv-matrix">
  <rows>5</rows>
  <cols>1</cols>
  <dt>d</dt>
  <data>
    -1.6103375553352662e-002 -2.6859508785896945e-002
    -1.2639651019791733e-003 -8.2806966001422802e-004
    -5.0192615872517256e-002</data></cameraDistcoeffL>
<cameraMatrixR type_id="opencv-matrix">
  <rows>3</rows>
  <cols>3</cols>
  <dt>d</dt>
  <data>
    2.6272139255616776e+002 0. 3.0578421522342313e+002 0.
    2.6112454840746591e+002 2.3892795694330428e+002 0. 0. 1.</data></cameraMatrixR>
<cameraDistcoeffR type_id="opencv-matrix">
  <rows>5</rows>
  <cols>1</cols>
  <dt>d</dt>
  <data>
    -1.6103375553352662e-002 -2.6859508785896945e-002
    -1.2639651019791733e-003 -8.2806966001422802e-004
    -5.0192615872517256e-002</data></cameraDistcoeffR>
<R type_id="opencv-matrix">
  <rows>3</rows>
  <cols>3</cols>
  <dt>d</dt>
  <data>
    8.4657930335672160e-001 -1.8444231702824174e-001
    4.9928400216440094e-001 1.8320593619032308e-001
    9.8169773491846990e-001 5.2010981538256652e-002
    -4.9973899995164994e-001 4.7440372523823736e-002
    8.6487591189842117e-001</data></R>
<T type_id="opencv-matrix">
  <rows>3</rows>
  <cols>1</cols>
  <dt>d</dt>
  <data>
    -5.1450396479078336e+001 -5.5545327582462898e+000
    1.2076509138635659e+001</data></T>
<Rl type_id="opencv-matrix">
  <rows>3</rows>
  <cols>3</cols>
  <dt>d</dt>
  <data>
    9.5238536894441772e-001 -8.6746135987300202e-002
    2.9229645381338132e-001 8.7207738544781505e-002
    9.9612403872968625e-001 1.1476489130537736e-002
    -2.9215906516572510e-001 1.4560472386950371e-002
    9.5625889448692647e-001</data></Rl>
<Rr type_id="opencv-matrix">
  <rows>3</rows>
  <cols>3</cols>
  <dt>d</dt>
  <data>
    9.6820834376125109e-001 1.0452679338275178e-001
    -2.2725921881458330e-001 -1.0416913178238599e-001
    9.9446659136620119e-001 1.3601126431024213e-002
    2.2742338282331270e-001 1.0504671418389077e-002
    9.7373931666724478e-001</data></Rr>
<Pl type_id="opencv-matrix">
  <rows>3</rows>
  <cols>4</cols>
  <dt>d</dt>
  <data>
    2.5125745584856975e+002 0. 3.1071100330352783e+002 0. 0.
    2.5125745584856975e+002 2.3672346270084381e+002 0. 0. 0. 1. 0.</data></Pl>
<Pr type_id="opencv-matrix">
  <rows>3</rows>
  <cols>4</cols>
  <dt>d</dt>
  <data>
    2.5125745584856975e+002 0. 3.1071100330352783e+002
    -1.3351770623576820e+004 0. 2.5125745584856975e+002
    2.3672346270084381e+002 0. 0. 0. 1. 0.</data></Pr>
<Q type_id="opencv-matrix">
  <rows>4</rows>
  <cols>4</cols>
  <dt>d</dt>
  <data>
    1. 0. 0. -3.1071100330352783e+002 0. 1. 0. -2.3672346270084381e+002
    0. 0. 0. 2.5125745584856975e+002 0. 0. 1.8818287321749998e-002 0.</data></Q>
</opencv_storage>
