<?xml version="1.0"?>
<opencv_storage>
<CameraWorld type_id="opencv-matrix">
  <rows>4</rows>
  <cols>4</cols>
  <dt>d</dt>
  <data>
    9.9947605840735798e-001 1.7226748050846324e-002
    2.7401602545911879e-002 -1.9292692317533017e+001
    1.7226748050846324e-002 4.3359936951957206e-001
    -9.0094107793119416e-001 6.6020388460054065e+001
    -2.7401602545911879e-002 9.0094107793119416e-001
    4.3307542792693010e-001 0. 0. 0. 0. 1.</data></CameraWorld>
</opencv_storage>
