<?xml version="1.0"?>
<opencv_storage>
<calibration_time>"01/18/18 16:44:59"</calibration_time>
<nr_of_frames>5</nr_of_frames>
<image_width>640</image_width>
<image_height>480</image_height>
<board_width>13</board_width>
<board_height>9</board_height>
<square_size>3.3333332061767578e+001</square_size>
<!-- flags: -->
<flags>6144</flags>
<fisheye_model>0</fisheye_model>
<camera_matrix type_id="opencv-matrix">
  <rows>3</rows>
  <cols>3</cols>
  <dt>d</dt>
  <data>
    2.5920808805748516e+002 0. 3.2546352503389681e+002 0.
    2.5916485044581918e+002 2.3525296564584303e+002 0. 0. 1.</data></camera_matrix>
<distortion_coefficients type_id="opencv-matrix">
  <rows>5</rows>
  <cols>1</cols>
  <dt>d</dt>
  <data>
    -8.8488968117916029e-003 -7.6181626322478518e-002
    3.4178144964084180e-004 -3.2628399069908854e-004
    2.5126781182844643e-002</data></distortion_coefficients>
<avg_reprojection_error>1.5793017134228352e-001</avg_reprojection_error>
<per_view_reprojection_errors type_id="opencv-matrix">
  <rows>5</rows>
  <cols>1</cols>
  <dt>f</dt>
  <data>
    1.42140061e-001 1.69002354e-001 1.58305734e-001 1.73791409e-001
    1.43805221e-001</data></per_view_reprojection_errors>
<extrinsic_parameters type_id="opencv-matrix">
  <rows>5</rows>
  <cols>6</cols>
  <dt>d</dt>
  <data>
    1.4345370885477099e-001 3.9231516059293321e-002
    6.1713012490994638e-002 -2.0011759615646216e+002
    -1.5255897019735417e+002 2.3124831782663139e+002
    1.3563007920592324e-001 2.8047537003947326e-001
    1.5390462197185970e-001 -1.9824953901061906e+002
    -1.7418286179761395e+002 2.7755799239566488e+002
    1.4888668802482807e-001 -2.0238079312416238e-001
    -3.1129753232383126e-002 -1.8886088487383250e+002
    -1.3089042272413789e+002 1.8633912315409827e+002
    -1.1505960310523007e-001 3.0065643251001251e-002
    6.2666141158495947e-002 -1.9817761485199497e+002
    -1.7077917549168055e+002 2.6541962970959622e+002
    4.0153353959078908e-001 4.8055233703503820e-002
    6.0024979821187673e-002 -2.0246527554714598e+002
    -1.2621101207318158e+002 2.0281448963164934e+002</data></extrinsic_parameters>
<image_points type_id="opencv-matrix">
  <rows>5</rows>
  <cols>117</cols>
  <dt>"2f"</dt>
  <data>
    1.17717834e+002 7.70691528e+001 1.47903778e+002 7.52062073e+001
    1.80041214e+002 7.40343704e+001 2.14435501e+002 7.35340729e+001
    2.50136581e+002 7.37938309e+001 2.87191956e+002 7.46996765e+001
    3.24677094e+002 7.60049591e+001 3.62756653e+002 7.78763657e+001
    4.00786346e+002 8.01179352e+001 4.38721619e+002 8.30075150e+001
    4.75589294e+002 8.64316711e+001 5.11077942e+002 9.06839142e+001
    5.44258057e+002 9.56749039e+001 1.16512032e+002 1.11640923e+002
    1.46482819e+002 1.10889252e+002 1.78992752e+002 1.10649765e+002
    2.13122147e+002 1.11178848e+002 2.48842194e+002 1.12126572e+002
    2.85322845e+002 1.13469131e+002 3.22556915e+002 1.15161903e+002
    3.60019989e+002 1.17003662e+002 3.97861969e+002 1.19191002e+002
    4.35366028e+002 1.21666000e+002 4.72535553e+002 1.24659966e+002
    5.07875397e+002 1.28185898e+002 5.41702942e+002 1.32251053e+002
    1.15942268e+002 1.46399704e+002 1.46279510e+002 1.46650345e+002
    1.78417404e+002 1.47309326e+002 2.12576385e+002 1.48486954e+002
    2.47678177e+002 1.50018936e+002 2.83890106e+002 1.51783615e+002
    3.20329498e+002 1.53635330e+002 3.57387360e+002 1.55660095e+002
    3.94456635e+002 1.57740189e+002 4.31763580e+002 1.60044022e+002
    4.68506287e+002 1.62625946e+002 5.04392029e+002 1.65594803e+002
    5.37897278e+002 1.68897919e+002 1.16474556e+002 1.80788116e+002
    1.46425842e+002 1.81772095e+002 1.78646515e+002 1.83247513e+002
    2.12278519e+002 1.84900772e+002 2.47137360e+002 1.86815567e+002
    2.82439209e+002 1.88777908e+002 3.18407501e+002 1.90867432e+002
    3.54516174e+002 1.93055573e+002 3.91145508e+002 1.95256302e+002
    4.27737762e+002 1.97500488e+002 4.64242828e+002 1.99805267e+002
    4.99597900e+002 2.02436081e+002 5.33391541e+002 2.05149628e+002
    1.17452034e+002 2.14462112e+002 1.47457123e+002 2.16266312e+002
    1.78938232e+002 2.18152267e+002 2.12274521e+002 2.20171219e+002
    2.46330276e+002 2.22397232e+002 2.81270355e+002 2.24564133e+002
    3.16370819e+002 2.26668686e+002 3.51831116e+002 2.29008484e+002
    3.87647095e+002 2.31291550e+002 4.23724091e+002 2.33615555e+002
    4.59498199e+002 2.35818832e+002 4.94692322e+002 2.38201721e+002
    5.27913757e+002 2.40497223e+002 1.19295708e+002 2.47189529e+002
    1.48723846e+002 2.49525894e+002 1.79878433e+002 2.51827057e+002
    2.12481064e+002 2.54209671e+002 2.45909500e+002 2.56543762e+002
    2.80095703e+002 2.58848694e+002 3.14495453e+002 2.61218048e+002
    3.49331238e+002 2.63591553e+002 3.84455475e+002 2.65989227e+002
    4.19686768e+002 2.68301208e+002 4.54768921e+002 2.70499146e+002
    4.89160156e+002 2.72666412e+002 5.22098999e+002 2.74507690e+002
    1.21678772e+002 2.78518005e+002 1.50350739e+002 2.81445618e+002
    1.80939636e+002 2.84232513e+002 2.12769684e+002 2.86800415e+002
    2.45548676e+002 2.89396240e+002 2.79015137e+002 2.91816101e+002
    3.12737061e+002 2.94365326e+002 3.46836853e+002 2.96853455e+002
    3.81292572e+002 2.99301941e+002 4.15770721e+002 3.01629547e+002
    4.50224091e+002 3.03813995e+002 4.83767609e+002 3.05671387e+002
    5.16387268e+002 3.07400330e+002 1.24119339e+002 3.08657776e+002
    1.52457016e+002 3.12074280e+002 1.82117172e+002 3.15275543e+002
    2.13324310e+002 3.18199951e+002 2.45265335e+002 3.21014160e+002
    2.77974915e+002 3.23679535e+002 3.11118439e+002 3.26327240e+002
    3.44484924e+002 3.28776642e+002 3.78139038e+002 3.31256348e+002
    4.11882996e+002 3.33597961e+002 4.45452362e+002 3.35678101e+002
    4.78435699e+002 3.37447052e+002 5.09442261e+002 3.38101349e+002
    1.27003067e+002 3.37360840e+002 1.54527939e+002 3.41209869e+002
    1.83631393e+002 3.44670593e+002 2.13909348e+002 3.48113098e+002
    2.45209290e+002 3.51189850e+002 2.77065796e+002 3.53943451e+002
    3.09483307e+002 3.56798157e+002 3.42105286e+002 3.59416656e+002
    3.75080658e+002 3.61902740e+002 4.07930664e+002 3.64104279e+002
    4.40630280e+002 3.65860687e+002 4.72406647e+002 3.67085358e+002
    5.03234741e+002 3.67896271e+002 1.49634506e+002 8.09277039e+001
    1.71325943e+002 7.94222717e+001 1.95034195e+002 7.79727478e+001
    2.21475784e+002 7.68329010e+001 2.50222214e+002 7.62003708e+001
    2.81752625e+002 7.57180176e+001 3.15895020e+002 7.56800613e+001
    3.53124115e+002 7.59721832e+001 3.92897369e+002 7.67758331e+001
    4.35745697e+002 7.84288483e+001 4.80419373e+002 8.11808777e+001
    5.26252991e+002 8.55438995e+001 5.71183228e+002 9.15208817e+001
    1.47131180e+002 1.10728592e+002 1.68384567e+002 1.10611076e+002
    1.92153793e+002 1.10649269e+002 2.18025024e+002 1.11174873e+002
    2.46549454e+002 1.11896027e+002 2.77518433e+002 1.13138031e+002
    3.11218445e+002 1.14582863e+002 3.47428436e+002 1.16389420e+002
    3.86754730e+002 1.18524345e+002 4.28749359e+002 1.21297142e+002
    4.73681244e+002 1.24850403e+002 5.19427979e+002 1.29650528e+002
    5.65326965e+002 1.35637070e+002 1.44776840e+002 1.40432510e+002
    1.66144943e+002 1.41580551e+002 1.89505920e+002 1.43046036e+002
    2.15278931e+002 1.44965561e+002 2.43127243e+002 1.47269485e+002
    2.73691559e+002 1.49800064e+002 3.06461060e+002 1.52743607e+002
    3.41983582e+002 1.56007004e+002 3.80228088e+002 1.59630630e+002
    4.21541718e+002 1.63639267e+002 4.65604614e+002 1.68375519e+002
    5.11622375e+002 1.73815033e+002 5.57349365e+002 1.80350739e+002
    1.43287247e+002 1.69639252e+002 1.64290894e+002 1.72060547e+002
    1.87512344e+002 1.74835175e+002 2.12606720e+002 1.77923325e+002
    2.40276215e+002 1.81514297e+002 2.69948669e+002 1.85359482e+002
    3.02087891e+002 1.89619110e+002 3.36538147e+002 1.94246216e+002
    3.73779572e+002 1.99185822e+002 4.14132568e+002 2.04597855e+002
    4.57392090e+002 2.10535721e+002 5.02492676e+002 2.17115356e+002
    5.48156067e+002 2.24305542e+002 1.42016357e+002 1.98272354e+002
