<?xml version="1.0"?>
<opencv_storage>
<LaserCamera type_id="opencv-matrix">
  <rows>4</rows>
  <cols>4</cols>
  <dt>d</dt>
  <data>
    9.9654836405182201e-001 -6.9530661061963331e-002
    -4.5352456139921664e-002 6.8613426837717322e+000
    -6.9530661061963331e-002 -4.0064389764675790e-001
    -9.1359178764407722e-001 1.3821668905353479e+002
    4.5352456139921664e-002 9.1359178764407722e-001
    -4.0409553359493589e-001 6.1135342359899710e+001 0. 0. 0. 1.</data></LaserCamera>
</opencv_storage>
