<?xml version="1.0"?>
<opencv_storage>
<cameraMatrixL type_id="opencv-matrix">
  <rows>3</rows>
  <cols>3</cols>
  <dt>d</dt>
  <data>
    2.5920808805748516e+002 0. 3.2546352503389681e+002 0.
    2.5916485044581918e+002 2.3525296564584303e+002 0. 0. 1.</data></cameraMatrixL>
<cameraDistcoeffL type_id="opencv-matrix">
  <rows>5</rows>
  <cols>1</cols>
  <dt>d</dt>
  <data>
    -8.8488968117916029e-003 -7.6181626322478518e-002
    3.4178144964084180e-004 -3.2628399069908854e-004
    2.5126781182844643e-002</data></cameraDistcoeffL>
<cameraMatrixR type_id="opencv-matrix">
  <rows>3</rows>
  <cols>3</cols>
  <dt>d</dt>
  <data>
    2.5920808805748516e+002 0. 3.2546352503389681e+002 0.
    2.5916485044581918e+002 2.3525296564584303e+002 0. 0. 1.</data></cameraMatrixR>
<cameraDistcoeffR type_id="opencv-matrix">
  <rows>5</rows>
  <cols>1</cols>
  <dt>d</dt>
  <data>
    -8.8488968117916029e-003 -7.6181626322478518e-002
    3.4178144964084180e-004 -3.2628399069908854e-004
    2.5126781182844643e-002</data></cameraDistcoeffR>
<R type_id="opencv-matrix">
  <rows>3</rows>
  <cols>3</cols>
  <dt>d</dt>
  <data>
    8.6667282126415379e-001 -2.1942007307097625e-001
    4.4803242339763705e-001 2.1283216093731031e-001
    9.7487507434985454e-001 6.5734775287668801e-002
    -4.5119917126784148e-001 3.8385165687969999e-002
    8.9159737937160854e-001</data></R>
<T type_id="opencv-matrix">
  <rows>3</rows>
  <cols>1</cols>
  <dt>d</dt>
  <data>
    -3.0753583739573713e+001 -8.3352248023774749e+000
    1.5887971786864698e+001</data></T>
<Rl type_id="opencv-matrix">
  <rows>3</rows>
  <cols>3</cols>
  <dt>d</dt>
  <data>
    9.9975713672204014e-001 2.1569886575196231e-002
    4.5174734621074020e-003 -2.1589514133318728e-002
    9.9975749026815064e-001 4.3420654320214646e-003
    -4.4227200719586801e-003 -4.4385409609345415e-003
    9.9998036925796852e-001</data></Rl>
<Rr type_id="opencv-matrix">
  <rows>3</rows>
  <cols>3</cols>
  <dt>d</dt>
  <data>
    8.6375344675626331e-001 2.3410537170266171e-001
    -4.4623386038783897e-001 -2.3613252059347933e-001
    9.7032913940586485e-001 5.1988401957011071e-002
    4.4516448188826208e-001 6.0465164845820818e-002
    8.9340503015447748e-001</data></Rr>
<Pl type_id="opencv-matrix">
  <rows>3</rows>
  <cols>4</cols>
  <dt>d</dt>
  <data>
    2.5370182763446519e+002 0. 7.0367984962463379e+002 0. 0.
    2.5370182763446519e+002 2.0595097923278809e+002 0. 0. 0. 1. 0.</data></Pl>
<Pr type_id="opencv-matrix">
  <rows>3</rows>
  <cols>4</cols>
  <dt>d</dt>
  <data>
    2.5370182763446519e+002 0. 7.0367984962463379e+002
    -9.0329484997598847e+003 0. 2.5370182763446519e+002
    2.0595097923278809e+002 0. 0. 0. 1. 0.</data></Pr>
<Q type_id="opencv-matrix">
  <rows>4</rows>
  <cols>4</cols>
  <dt>d</dt>
  <data>
    1. 0. 0. -7.0367984962463379e+002 0. 1. 0. -2.0595097923278809e+002
    0. 0. 0. 2.5370182763446519e+002 0. 0. 2.8086269687157977e-002 0.</data></Q>
</opencv_storage>
