<?xml version="1.0"?>
<opencv_storage>
<H_lc type_id="opencv-matrix">
  <rows>4</rows>
  <cols>4</cols>
  <dt>d</dt>
  <data>
    9.9654836405182201e-001 -6.9530661061963331e-002
    -4.5352456139921664e-002 6.8613426837717322e+000
    -6.9530661061963331e-002 -4.0064389764675790e-001
    -9.1359178764407722e-001 1.3821668905353479e+002
    4.5352456139921664e-002 9.1359178764407722e-001
    -4.0409553359493589e-001 6.1135342359899710e+001 0. 0. 0. 1.</data></H_lc>
<H_cw1 type_id="opencv-matrix">
  <rows>4</rows>
  <cols>4</cols>
  <dt>d</dt>
  <data>
    9.9947605840735798e-001 1.7226748050846324e-002
    2.7401602545911879e-002 -1.9292692317533017e+001
    1.7226748050846324e-002 4.3359936951957206e-001
    -9.0094107793119416e-001 6.6020388460054065e+001
    -2.7401602545911879e-002 9.0094107793119416e-001
    4.3307542792693010e-001 0. 0. 0. 0. 1.</data></H_cw1>
<H_lw type_id="opencv-matrix">
  <rows>4</rows>
  <cols>4</cols>
  <dt>d</dt>
  <data>
    9.9607117371251974e-001 -5.1362143485306710e-002
    -7.2139774851034913e-002 -8.3787141449730491e+000
    5.3841053932270781e-002 9.9800909855056308e-001
    3.2847832831937596e-002 -7.0989915067032712e+001
    7.0309016565626575e-002 -3.6602860911237267e-002
    9.9685348610650260e-001 -1.5081329559279325e+002 0. 0. 0. 1.</data></H_lw>
<H_cw type_id="opencv-matrix">
  <rows>4</rows>
  <cols>4</cols>
  <dt>d</dt>
  <data>
    9.9947605840735809e-001 1.7226748050846320e-002
    2.7401602545911879e-002 -1.9292692317533017e+001
    -1.7226748050846324e-002 -4.3359936951957212e-001
    9.0094107793119405e-001 -6.6020388460054050e+001
    2.7401602545911889e-002 -9.0094107793119405e-001
    -4.3307542792693021e-001 2.8421709430404007e-014 0. 0. 0. 1.</data></H_cw>
<H_wc type_id="opencv-matrix">
  <rows>4</rows>
  <cols>4</cols>
  <dt>d</dt>
  <data>
    9.9947605840735798e-001 -1.7226748050846324e-002
    2.7401602545911879e-002 1.8145267475373462e+001
    1.7226748050846331e-002 -4.3359936951957234e-001
    -9.0094107793119427e-001 -2.8294048461940022e+001
    2.7401602545911889e-002 9.0094107793119438e-001
    -4.3307542792693032e-001 6.0009130631562897e+001 0. 0. 0. 1.</data></H_wc>
</opencv_storage>
