<?xml version="1.0"?>
<opencv_storage>
<cameraMatrixL type_id="opencv-matrix">
  <rows>3</rows>
  <cols>3</cols>
  <dt>d</dt>
  <data>
    2.6164137127592301e+002 0. 3.3127165274585644e+002 0.
    2.6158094331768439e+002 2.4351599295906183e+002 0. 0. 1.</data></cameraMatrixL>
<cameraDistcoeffL type_id="opencv-matrix">
  <rows>5</rows>
  <cols>1</cols>
  <dt>d</dt>
  <data>
    -9.5719789005581941e-003 -7.6552299800381363e-002
    1.5412435308161281e-004 -4.3120322539289549e-004
    2.5710973042732919e-002</data></cameraDistcoeffL>
<cameraMatrixR type_id="opencv-matrix">
  <rows>3</rows>
  <cols>3</cols>
  <dt>d</dt>
  <data>
    2.6164137127592301e+002 0. 3.3127165274585644e+002 0.
    2.6158094331768439e+002 2.4351599295906183e+002 0. 0. 1.</data></cameraMatrixR>
<cameraDistcoeffR type_id="opencv-matrix">
  <rows>5</rows>
  <cols>1</cols>
  <dt>d</dt>
  <data>
    -9.5719789005581941e-003 -7.6552299800381363e-002
    1.5412435308161281e-004 -4.3120322539289549e-004
    2.5710973042732919e-002</data></cameraDistcoeffR>
<R type_id="opencv-matrix">
  <rows>3</rows>
  <cols>3</cols>
  <dt>d</dt>
  <data>
    8.6604237049687038e-001 -2.1386612335834684e-001
    4.5192022944744764e-001 2.1736558789227253e-001
    9.7505775353817725e-001 4.4884055803033257e-002
    -4.5024750271868036e-001 5.9360412269082424e-002
    8.9092846387958469e-001</data></R>
<T type_id="opencv-matrix">
  <rows>3</rows>
  <cols>1</cols>
  <dt>d</dt>
  <data>
    2.5518867601504191e+001 -1.4124265694285405e+001
    2.8463041602564108e+001</data></T>
<Rl type_id="opencv-matrix">
  <rows>3</rows>
  <cols>3</cols>
  <dt>d</dt>
  <data>
    1.5249903757228134e-001 -4.3039234984833807e-001
    8.8966649298012435e-001 4.3259189842856183e-001
    8.3844865451566741e-001 3.3146357741815263e-001
    -8.8859906198099292e-001 3.3431464062001920e-001
    3.1404685655743586e-001</data></Rl>
<Rr type_id="opencv-matrix">
  <rows>3</rows>
  <cols>3</cols>
  <dt>d</dt>
  <data>
    6.2617525702202659e-001 -3.4657751431122447e-001
    6.9841862379754149e-001 3.4512224575680894e-001
    9.2644388355402196e-001 1.5030757169590120e-001
    -6.9913888675797142e-001 1.4692092158434983e-001
    6.9972784696882662e-001</data></Rr>
<Pl type_id="opencv-matrix">
  <rows>3</rows>
  <cols>4</cols>
  <dt>d</dt>
  <data>
    2.5572609546575461e+002 0. 1.1052388315200806e+003 0. 0.
    2.5572609546575461e+002 1.0944978432059288e+003 0. 0. 0. 1. 0.</data></Pl>
<Pr type_id="opencv-matrix">
  <rows>3</rows>
  <cols>4</cols>
  <dt>d</dt>
  <data>
    2.5572609546575461e+002 0. 1.1052388315200806e+003
    1.0421747424955589e+004 0. 2.5572609546575461e+002
    1.0944978432059288e+003 0. 0. 0. 1. 0.</data></Pr>
<Q type_id="opencv-matrix">
  <rows>4</rows>
  <cols>4</cols>
  <dt>d</dt>
  <data>
    1. 0. 0. -1.1052388315200806e+003 0. 1. 0. -1.0944978432059288e+003
    0. 0. 0. 2.5572609546575461e+002 0. 0. -2.4537736814979890e-002 0.</data></Q>
</opencv_storage>
