<?xml version="1.0"?>
<opencv_storage>
<CameraWorld type_id="opencv-matrix">
  <rows>4</rows>
  <cols>4</cols>
  <dt>d</dt>
  <data>
    9.9985358681243064e-001 -9.1244819577686251e-003
    -1.4475799367207517e-002 -7.2335017581041527e+001
    -9.1244819577686286e-003 4.3136152979262227e-001
    -9.0213301372024468e-001 -3.1080432635732251e+001
    1.4475799367207517e-002 9.0213301372024468e-001
    4.3121511660505285e-001 0. 0. 0. 0. 1.</data></CameraWorld>
</opencv_storage>
