<?xml version="1.0"?>
<opencv_storage>
<LaserCamera type_id="opencv-matrix">
  <rows>4</rows>
  <cols>4</cols>
  <dt>d</dt>
  <data>
    9.9790620058765711e-001 5.9242284496469878e-002
    2.5953160816093390e-002 -4.3071940680623166e+000
    5.9242284496469878e-002 -6.7621036268869505e-001
    -7.3432274724405977e-001 1.2186841531115401e+002
    -2.5953160816093390e-002 7.3432274724405977e-001
    -6.7830416210103817e-001 1.1257155473455522e+002 0. 0. 0. 1.</data></LaserCamera>
</opencv_storage>
