<?xml version="1.0"?>
<opencv_storage>
<H_lc type_id="opencv-matrix">
  <rows>4</rows>
  <cols>4</cols>
  <dt>d</dt>
  <data>
    9.9790620058765711e-001 5.9242284496469878e-002
    2.5953160816093390e-002 -4.3071940680623166e+000
    5.9242284496469878e-002 -6.7621036268869505e-001
    -7.3432274724405977e-001 1.2186841531115401e+002
    -2.5953160816093390e-002 7.3432274724405977e-001
    -6.7830416210103817e-001 1.1257155473455522e+002 0. 0. 0. 1.</data></H_lc>
<H_cw1 type_id="opencv-matrix">
  <rows>4</rows>
  <cols>4</cols>
  <dt>d</dt>
  <data>
    9.9964619601170612e-001 1.0206228502717971e-002
    2.4562485604596229e-002 3.3883628487678017e+000
    1.0206228502717971e-002 7.0557963251912448e-001
    -7.0855713606873472e-001 -1.0039219750826372e+002
    -2.4562485604596229e-002 7.0855713606873472e-001
    7.0522582853083060e-001 0. 0. 0. 0. 1.</data></H_cw1>
<H_lw type_id="opencv-matrix">
  <rows>4</rows>
  <cols>4</cols>
  <dt>d</dt>
  <data>
    9.9752030354760091e-001 7.0356558770742553e-002
    1.7884765140268807e-003 3.0915467697294217e+000
    -7.0374305331871834e-002 9.9682524165629571e-001
    3.7241035779426557e-002 9.4211664449717077e+001
    8.3735258920710279e-004 -3.7274552107397774e-002
    9.9930471158993095e-001 -1.6584489867907988e+002 0. 0. 0. 1.</data></H_lw>
<H_cw type_id="opencv-matrix">
  <rows>4</rows>
  <cols>4</cols>
  <dt>d</dt>
  <data>
    9.9964619601170612e-001 1.0206228502717966e-002
    2.4562485604596236e-002 3.3883628487678012e+000
    -1.0206228502717981e-002 -7.0557963251912470e-001
    7.0855713606873461e-001 1.0039219750826376e+002
    2.4562485604596233e-002 -7.0855713606873461e-001
    -7.0522582853083071e-001 2.8421709430404007e-014 0. 0. 0. 1.</data></H_cw>
<H_wc type_id="opencv-matrix">
  <rows>4</rows>
  <cols>4</cols>
  <dt>d</dt>
  <data>
    9.9964619601170601e-001 -1.0206228502717973e-002
    2.4562485604596236e-002 -2.3625383248187872e+000
    1.0206228502717966e-002 -7.0557963251912459e-001
    -7.0855713606873472e-001 7.0800107420183480e+001
    2.4562485604596240e-002 7.0855713606873461e-001
    -7.0522582853083082e-001 -7.1216834563798102e+001 0. 0. 0. 1.</data></H_wc>
</opencv_storage>
