<?xml version="1.0"?>
<opencv_storage>
<CameraWorld type_id="opencv-matrix">
  <rows>4</rows>
  <cols>4</cols>
  <dt>d</dt>
  <data>
    9.9964619601170612e-001 1.0206228502717971e-002
    2.4562485604596229e-002 3.3883628487678017e+000
    1.0206228502717971e-002 7.0557963251912448e-001
    -7.0855713606873472e-001 -1.0039219750826372e+002
    -2.4562485604596229e-002 7.0855713606873472e-001
    7.0522582853083060e-001 0. 0. 0. 0. 1.</data></CameraWorld>
</opencv_storage>
