<?xml version="1.0"?>
<opencv_storage>
<cameraMatrixL type_id="opencv-matrix">
  <rows>3</rows>
  <cols>3</cols>
  <dt>d</dt>
  <data>
    2.6259902169055260e+002 0. 3.2397437159914176e+002 0.
    2.6105897772589907e+002 2.5250304707182249e+002 0. 0. 1.</data></cameraMatrixL>
<cameraDistcoeffL type_id="opencv-matrix">
  <rows>5</rows>
  <cols>1</cols>
  <dt>d</dt>
  <data>
    3.3957697853075742e-005 -1.0004973595709739e-001
    1.6671930792385264e-004 -5.3031201967756044e-005
    4.5286423930154904e-002</data></cameraDistcoeffL>
<cameraMatrixR type_id="opencv-matrix">
  <rows>3</rows>
  <cols>3</cols>
  <dt>d</dt>
  <data>
    2.6259902169055260e+002 0. 3.2397437159914176e+002 0.
    2.6105897772589907e+002 2.5250304707182249e+002 0. 0. 1.</data></cameraMatrixR>
<cameraDistcoeffR type_id="opencv-matrix">
  <rows>5</rows>
  <cols>1</cols>
  <dt>d</dt>
  <data>
    3.3957697853075742e-005 -1.0004973595709739e-001
    1.6671930792385264e-004 -5.3031201967756044e-005
    4.5286423930154904e-002</data></cameraDistcoeffR>
<R type_id="opencv-matrix">
  <rows>3</rows>
  <cols>3</cols>
  <dt>d</dt>
  <data>
    8.6934412916696302e-001 -3.5089005987820393e-001
    3.4801860720600147e-001 3.4633918249736823e-001
    9.3490511831697476e-001 7.7469932307818290e-002
    -3.5254780633268640e-001 5.3184449074835417e-002
    9.3428125242167681e-001</data></R>
<T type_id="opencv-matrix">
  <rows>3</rows>
  <cols>1</cols>
  <dt>d</dt>
  <data>
    4.9941514658353320e+001 1.1885434105198163e+001
    -8.3605003477057505e+000</data></T>
<Rl type_id="opencv-matrix">
  <rows>3</rows>
  <cols>3</cols>
  <dt>d</dt>
  <data>
    9.7053744084574756e-001 -1.3183092361444421e-001
    2.0168709303163038e-001 1.3184179914169444e-001
    9.9117965045652090e-001 1.3440257436903861e-002
    -2.0167998392420614e-001 1.3546516151827795e-002
    9.7935778752429403e-001</data></Rl>
<Rr type_id="opencv-matrix">
  <rows>3</rows>
  <cols>3</cols>
  <dt>d</dt>
  <data>
    9.6018004822514580e-001 2.2851042405052721e-001
    -1.6073973090248989e-001 -2.2850173316242253e-001
    9.7336212515098475e-001 1.8791787124379275e-002
    1.6075208531190410e-001 1.8685808031957213e-002
    9.8681792020922843e-001</data></Rr>
<Pl type_id="opencv-matrix">
  <rows>3</rows>
  <cols>4</cols>
  <dt>d</dt>
  <data>
    2.6105897772589907e+002 0. 3.0308724975585937e+002 0. 0.
    2.6105897772589907e+002 2.3003597450256348e+002 0. 0. 0. 1. 0.</data></Pl>
<Pr type_id="opencv-matrix">
  <rows>3</rows>
  <cols>4</cols>
  <dt>d</dt>
  <data>
    2.6105897772589907e+002 0. 3.0308724975585937e+002
    1.3578370834607895e+004 0. 2.6105897772589907e+002
    2.3003597450256348e+002 0. 0. 0. 1. 0.</data></Pr>
<Q type_id="opencv-matrix">
  <rows>4</rows>
  <cols>4</cols>
  <dt>d</dt>
  <data>
    1. 0. 0. -3.0308724975585937e+002 0. 1. 0. -2.3003597450256348e+002
    0. 0. 0. 2.6105897772589907e+002 0. 0. -1.9226089853174769e-002 0.</data></Q>
</opencv_storage>
