<?xml version="1.0"?>
<opencv_storage>
<calibration_time>"06/12/18 10:07:54"</calibration_time>
<nr_of_frames>5</nr_of_frames>
<image_width>640</image_width>
<image_height>480</image_height>
<board_width>12</board_width>
<board_height>8</board_height>
<square_size>30.</square_size>
<!-- flags: -->
<flags>6144</flags>
<fisheye_model>0</fisheye_model>
<camera_matrix type_id="opencv-matrix">
  <rows>3</rows>
  <cols>3</cols>
  <dt>d</dt>
  <data>
    2.6259902169055260e+002 0. 3.2397437159914176e+002 0.
    2.6105897772589907e+002 2.5250304707182249e+002 0. 0. 1.</data></camera_matrix>
<distortion_coefficients type_id="opencv-matrix">
  <rows>5</rows>
  <cols>1</cols>
  <dt>d</dt>
  <data>
    3.3957697853075742e-005 -1.0004973595709739e-001
    1.6671930792385264e-004 -5.3031201967756044e-005
    4.5286423930154904e-002</data></distortion_coefficients>
<avg_reprojection_error>9.9405517507472591e-002</avg_reprojection_error>
<per_view_reprojection_errors type_id="opencv-matrix">
  <rows>5</rows>
  <cols>1</cols>
  <dt>f</dt>
  <data>
    1.05211914e-001 8.52989778e-002 1.04721569e-001 8.40108842e-002
    1.14181377e-001</data></per_view_reprojection_errors>
<extrinsic_parameters type_id="opencv-matrix">
  <rows>5</rows>
  <cols>6</cols>
  <dt>d</dt>
  <data>
    -2.9535227290387273e-001 -4.1387991403794899e-002
    1.4502207479046280e-002 -1.7111457071754165e+002
    -1.6524808351944546e+002 3.0919401102343431e+002
    -2.8198471025640718e-002 -4.2425889722485961e-002
    2.0810401869939411e-002 -1.6978082877938311e+002
    -1.2738762732098687e+002 2.7247903865809252e+002
    2.3270935275601601e-001 -4.2707079189524842e-002
    2.6520524620765498e-002 -1.6918443643785702e+002
    -8.1868710198488614e+001 2.4764076929016281e+002
    -3.0565152649255752e-002 1.2523726119766551e-001
    1.7999565853620322e-001 -1.7475782748270598e+002
    -1.5411335950954245e+002 3.0110523575478931e+002
    -2.2504448306432393e-002 -2.1858036658581145e-001
    -1.4824277511617390e-001 -1.5513451667268563e+002
    -1.0008794637231256e+002 2.4400183377842788e+002</data></extrinsic_parameters>
<image_points type_id="opencv-matrix">
  <rows>5</rows>
  <cols>96</cols>
  <dt>"2f"</dt>
  <data>
    1.82387619e+002 1.16684128e+002 2.06736542e+002 1.16699532e+002
    2.31491226e+002 1.16973511e+002 2.56383301e+002 1.17391312e+002
    2.81490112e+002 1.18170258e+002 3.06381927e+002 1.19001831e+002
    3.31151703e+002 1.19914238e+002 3.55783447e+002 1.20896233e+002
    3.80183868e+002 1.22097984e+002 4.04331512e+002 1.23403656e+002
    4.28040161e+002 1.24770767e+002 4.51099121e+002 1.26431259e+002
    1.77338333e+002 1.36495804e+002 2.02624695e+002 1.36513214e+002
    2.28113205e+002 1.37045761e+002 2.54079254e+002 1.37590286e+002
    2.79825867e+002 1.38353790e+002 3.05692230e+002 1.39239151e+002
    3.31184418e+002 1.40027267e+002 3.56640381e+002 1.40972580e+002
    3.81710175e+002 1.42097031e+002 4.06563202e+002 1.43191071e+002
    4.31025757e+002 1.44547958e+002 4.54783661e+002 1.45951828e+002
    1.72299271e+002 1.57792374e+002 1.98266571e+002 1.58153564e+002
    2.24907547e+002 1.58562378e+002 2.51577377e+002 1.59286606e+002
    2.78273712e+002 1.59893539e+002 3.04752075e+002 1.60717636e+002
    3.31188110e+002 1.61529434e+002 3.57379913e+002 1.62435318e+002
    3.83354889e+002 1.63368286e+002 4.08880676e+002 1.64537521e+002
    4.34178345e+002 1.65567474e+002 4.58624237e+002 1.66839569e+002
    1.66915955e+002 1.80611206e+002 1.93968079e+002 1.80991486e+002
    2.21403717e+002 1.81596741e+002 2.49028900e+002 1.82348816e+002
    2.76530243e+002 1.83053970e+002 3.03962189e+002 1.83675003e+002
    3.31143250e+002 1.84674408e+002 3.58210938e+002 1.85369385e+002
    3.84899200e+002 1.86283783e+002 4.11448639e+002 1.87123840e+002
    4.37341980e+002 1.88226227e+002 4.62640167e+002 1.89338684e+002
    1.61555359e+002 2.05266205e+002 1.89458878e+002 2.05623627e+002
    2.17802170e+002 2.06212128e+002 2.46318863e+002 2.06942139e+002
    2.74831879e+002 2.07531204e+002 3.03188782e+002 2.08411682e+002
    3.31174835e+002 2.09087433e+002 3.59059357e+002 2.09794250e+002
    3.86588013e+002 2.10469513e+002 4.13896698e+002 2.11375275e+002
    4.40684387e+002 2.12216568e+002 4.66781189e+002 2.13296921e+002
    1.55881088e+002 2.31457977e+002 1.84773941e+002 2.31990646e+002
    2.14087891e+002 2.32557999e+002 2.43550110e+002 2.33293884e+002
    2.72991852e+002 2.33854141e+002 3.02212677e+002 2.34504120e+002
    3.31124359e+002 2.35238068e+002 3.59871063e+002 2.35761398e+002
    3.88429016e+002 2.36425949e+002 4.16643250e+002 2.37177994e+002
    4.44144104e+002 2.37870361e+002 4.71057434e+002 2.38545898e+002
    1.50217773e+002 2.59467316e+002 1.79958145e+002 2.60083313e+002
    2.10239944e+002 2.60651123e+002 2.40598755e+002 2.61333649e+002
    2.71035858e+002 2.61816467e+002 3.01280365e+002 2.62448578e+002
    3.31205322e+002 2.62876831e+002 3.60766937e+002 2.63501526e+002
    3.90302673e+002 2.63995453e+002 4.19288544e+002 2.64564270e+002
    4.47699677e+002 2.65224274e+002 4.75419312e+002 2.65600311e+002
    1.44510025e+002 2.89272095e+002 1.74962280e+002 2.90092651e+002
    2.06154449e+002 2.90649200e+002 2.37578949e+002 2.91359833e+002
    2.68950653e+002 2.91686188e+002 3.00240540e+002 2.92144623e+002
    3.31095795e+002 2.92563934e+002 3.61866913e+002 2.92931122e+002
    3.92247925e+002 2.93458069e+002 4.22210632e+002 2.93799072e+002
    4.51489685e+002 2.94323578e+002 4.79783264e+002 2.94328094e+002
    1.64739639e+002 1.33720078e+002 1.92259537e+002 1.33856140e+002
    2.20394714e+002 1.34220657e+002 2.48559387e+002 1.34885361e+002
    2.77093201e+002 1.35649124e+002 3.05304047e+002 1.36699738e+002
    3.33395630e+002 1.37645370e+002 3.61181702e+002 1.38962830e+002
    3.88659454e+002 1.40215271e+002 4.15683411e+002 1.41540619e+002
    4.42221222e+002 1.43100067e+002 4.67849854e+002 1.44997559e+002
    1.62650894e+002 1.60835526e+002 1.90550232e+002 1.61273102e+002
    2.18877853e+002 1.61647202e+002 2.47538818e+002 1.62449387e+002
    2.76179871e+002 1.63272308e+002 3.04656219e+002 1.64155090e+002
    3.32735565e+002 1.65152649e+002 3.60817047e+002 1.66145737e+002
    3.88402130e+002 1.67251877e+002 4.15710602e+002 1.68332565e+002
    4.42367859e+002 1.69628647e+002 4.68413910e+002 1.71131638e+002
    1.61004242e+002 1.88552917e+002 1.89092926e+002 1.89123993e+002
    2.17776459e+002 1.89500854e+002 2.46619904e+002 1.90364517e+002
    2.75415314e+002 1.91222427e+002 3.03896515e+002 1.92040451e+002
    3.32209381e+002 1.92832504e+002 3.60428162e+002 1.93662445e+002
    3.88253662e+002 1.94608063e+002 4.15650726e+002 1.95557983e+002
    4.42548462e+002 1.96518845e+002 4.68655945e+002 1.97633636e+002
    1.59389771e+002 2.16804855e+002 1.87809448e+002 2.17400208e+002
    2.16705017e+002 2.18017044e+002 2.45673538e+002 2.18620331e+002
    2.74558502e+002 2.19484161e+002 3.03274323e+002 2.20275955e+002
    3.31619659e+002 2.20887238e+002 3.59892792e+002 2.21562668e+002
    3.87771118e+002 2.22442307e+002 4.15494263e+002 2.23150787e+002
    4.42444885e+002 2.24024185e+002 4.68745117e+002 2.24745407e+002
    1.58159317e+002 2.45391724e+002 1.86704880e+002 2.45976105e+002
    2.15706970e+002 2.46604080e+002 2.44765884e+002 2.47256897e+002
    2.73862640e+002 2.47815125e+002 3.02618011e+002 2.48527161e+002
    3.31174652e+002 2.49211624e+002 3.59445160e+002 2.49679810e+002
    3.87469482e+002 2.50337936e+002 4.15170197e+002 2.50934814e+002
    4.42313721e+002 2.51561111e+002 4.68799072e+002 2.52158005e+002
    1.57231598e+002 2.74189362e+002 1.85670456e+002 2.74758667e+002
    2.14765778e+002 2.75389465e+002 2.44008942e+002 2.75916992e+002
    2.73081177e+002 2.76564362e+002 3.01964600e+002 2.76961334e+002
    3.30576538e+002 2.77531677e+002 3.58901855e+002 2.77916840e+002
    3.87063843e+002 2.78595215e+002 4.14799927e+002 2.78822906e+002
    4.42053864e+002 2.79363037e+002 4.68616577e+002 2.79644440e+002
    1.56349136e+002 3.02947540e+002 1.84853043e+002 3.03674255e+002
