<?xml version="1.0"?>
<opencv_storage>
<H_lc type_id="opencv-matrix">
  <rows>4</rows>
  <cols>4</cols>
  <dt>d</dt>
  <data>
    9.9634724945304709e-001 7.1634611309164403e-002
    4.6482695381533420e-002 -7.2268815052916118e+000
    7.1634611309164403e-002 -4.0483656670608714e-001
    -9.1157876056883458e-001 1.4172740266668748e+002
    -4.6482695381533420e-002 9.1157876056883458e-001
    -4.0848931725304016e-001 6.3509739866290147e+001 0. 0. 0. 1.</data></H_lc>
<H_cw1 type_id="opencv-matrix">
  <rows>4</rows>
  <cols>4</cols>
  <dt>d</dt>
  <data>
    9.9985358681243064e-001 -9.1244819577686251e-003
    -1.4475799367207517e-002 -7.2335017581041527e+001
    -9.1244819577686286e-003 4.3136152979262227e-001
    -9.0213301372024468e-001 -3.1080432635732251e+001
    1.4475799367207517e-002 9.0213301372024468e-001
    4.3121511660505285e-001 0. 0. 0. 0. 1.</data></H_cw1>
<H_lw type_id="opencv-matrix">
  <rows>4</rows>
  <cols>4</cols>
  <dt>d</dt>
  <data>
    9.9622061653027660e-001 6.2122215760734872e-002
    6.0706783056033796e-002 -8.1773384356297314e+001
    -6.3742837089497156e-002 9.9764984396410117e-001
    2.5132440354782126e-002 2.7172974884154087e+001
    -5.9002829761101092e-002 -2.8907077807719783e-002
    9.9783918891412615e-001 -1.5513871388971913e+002 0. 0. 0. 1.</data></H_lw>
<H_cw type_id="opencv-matrix">
  <rows>4</rows>
  <cols>4</cols>
  <dt>d</dt>
  <data>
    9.9985358681243075e-001 -9.1244819577686181e-003
    -1.4475799367207508e-002 -7.2335017581041527e+001
    9.1244819577686407e-003 -4.3136152979262243e-001
    9.0213301372024468e-001 3.1080432635732254e+001
    -1.4475799367207526e-002 -9.0213301372024468e-001
    -4.3121511660505302e-001 0. 0. 0. 0. 1.</data></H_cw>
<H_wc type_id="opencv-matrix">
  <rows>4</rows>
  <cols>4</cols>
  <dt>d</dt>
  <data>
    9.9985358681243042e-001 9.1244819577686199e-003
    -1.4475799367207502e-002 7.2040833933720208e+001
    -9.1244819577686268e-003 -4.3136152979262221e-001
    -9.0213301372024446e-001 1.2746883405532916e+001
    -1.4475799367207531e-002 9.0213301372024435e-001
    -4.3121511660505291e-001 -2.9085791563128762e+001 0. 0. 0. 1.</data></H_wc>
</opencv_storage>
