<?xml version="1.0"?>
<opencv_storage>
<calibration_time>"09/25/17 15:52:44"</calibration_time>
<nr_of_frames>5</nr_of_frames>
<image_width>640</image_width>
<image_height>480</image_height>
<board_width>13</board_width>
<board_height>9</board_height>
<square_size>3.3333332061767578e+001</square_size>
<!-- flags: -->
<flags>6144</flags>
<fisheye_model>0</fisheye_model>
<camera_matrix type_id="opencv-matrix">
  <rows>3</rows>
  <cols>3</cols>
  <dt>d</dt>
  <data>
    2.6164137127592301e+002 0. 3.3127165274585644e+002 0.
    2.6158094331768439e+002 2.4351599295906183e+002 0. 0. 1.</data></camera_matrix>
<distortion_coefficients type_id="opencv-matrix">
  <rows>5</rows>
  <cols>1</cols>
  <dt>d</dt>
  <data>
    -9.5719789005581941e-003 -7.6552299800381363e-002
    1.5412435308161281e-004 -4.3120322539289549e-004
    2.5710973042732919e-002</data></distortion_coefficients>
<avg_reprojection_error>1.9651100680447744e-001</avg_reprojection_error>
<per_view_reprojection_errors type_id="opencv-matrix">
  <rows>5</rows>
  <cols>1</cols>
  <dt>f</dt>
  <data>
    1.92687020e-001 1.95456311e-001 1.98769733e-001 2.01950371e-001
    1.93540841e-001</data></per_view_reprojection_errors>
<extrinsic_parameters type_id="opencv-matrix">
  <rows>5</rows>
  <cols>6</cols>
  <dt>d</dt>
  <data>
    1.4398954843888581e-001 4.8198781450415867e-002
    1.9095481866757590e-002 -2.1057096435125607e+002
    -1.4067956922729334e+002 2.3687512245524536e+002
    1.4177598749689072e-001 2.8980516326158046e-001
    1.1154125747174402e-001 -2.0905678655268323e+002
    -1.6237394998954841e+002 2.8330015619881942e+002
    1.4385321063427656e-001 -1.9378062538598939e-001
    -7.3567542590798563e-002 -1.9891857583327015e+002
    -1.1952908151284689e+002 1.9182877749625050e+002
    -1.1471322597427989e-001 4.4492717571998588e-002
    2.1534882812286524e-002 -2.0898029147849306e+002
    -1.5897404400718915e+002 2.7115940830080649e+002
    4.0240210694962303e-001 5.1404598929356199e-002
    1.6417030202525079e-002 -2.1211944932199896e+002
    -1.1428658555877847e+002 2.0850770990089299e+002</data></extrinsic_parameters>
<image_points type_id="opencv-matrix">
  <rows>5</rows>
  <cols>117</cols>
  <dt>"2f"</dt>
  <data>
    1.15062515e+002 9.91215973e+001 1.44464188e+002 9.60698624e+001
    1.76002594e+002 9.35175323e+001 2.09758530e+002 9.15321579e+001
    2.44904007e+002 9.02447586e+001 2.81665070e+002 8.93999710e+001
    3.18845978e+002 8.88791885e+001 3.56918182e+002 8.88212357e+001
    3.95126953e+002 8.91522980e+001 4.33479614e+002 8.98949051e+001
    4.70885712e+002 9.14168625e+001 5.07313507e+002 9.37329254e+001
    5.41399292e+002 9.69078445e+001 1.15563995e+002 1.33477112e+002
    1.44812149e+002 1.31525009e+002 1.76743317e+002 1.29953308e+002
    2.10246063e+002 1.28895279e+002 2.45438004e+002 1.28291840e+002
    2.81550629e+002 1.28039917e+002 3.18605713e+002 1.27886139e+002
    3.55973450e+002 1.28185776e+002 3.93754303e+002 1.28457321e+002
    4.31549744e+002 1.29212860e+002 4.69155273e+002 1.30125641e+002
    5.05402313e+002 1.31831879e+002 5.40149475e+002 1.34044815e+002
    1.16480492e+002 1.67899170e+002 1.46365860e+002 1.66895462e+002
    1.77862961e+002 1.66233429e+002 2.11453552e+002 1.65761383e+002
    2.46113342e+002 1.65781479e+002 2.81866394e+002 1.65981613e+002
    3.18126801e+002 1.66220169e+002 3.55008118e+002 1.66548691e+002
    3.92220947e+002 1.67090820e+002 4.29722076e+002 1.67550446e+002
    4.67177307e+002 1.68387070e+002 5.03698181e+002 1.69569550e+002
    5.38086426e+002 1.71340240e+002 1.18673508e+002 2.01856766e+002
    1.47995682e+002 2.01666382e+002 1.79699707e+002 2.01669876e+002
    2.12626160e+002 2.01884857e+002 2.47132858e+002 2.02268448e+002
    2.82245056e+002 2.02760971e+002 3.17788483e+002 2.03297546e+002
    3.53831268e+002 2.03913742e+002 3.90700165e+002 2.04440796e+002
    4.27501282e+002 2.05151764e+002 4.64309113e+002 2.05825119e+002
    5.00113678e+002 2.06861588e+002 5.34623352e+002 2.08001312e+002
    1.21245514e+002 2.34970734e+002 1.50607208e+002 2.35533524e+002
    1.81461166e+002 2.36174393e+002 2.14328552e+002 2.36766479e+002
    2.48050079e+002 2.37481583e+002 2.82546875e+002 2.38253555e+002
    3.17454376e+002 2.39053680e+002 3.52949127e+002 2.39804749e+002
    3.88837616e+002 2.40573502e+002 4.24993988e+002 2.41342087e+002
    4.61005768e+002 2.42090225e+002 4.96812378e+002 2.42970642e+002
    5.30753967e+002 2.43733353e+002 1.24478050e+002 2.67062469e+002
    1.53267151e+002 2.68238129e+002 1.83903336e+002 2.69326935e+002
    2.16160294e+002 2.70369507e+002 2.49094360e+002 2.71418121e+002
    2.83076935e+002 2.72361664e+002 3.17241058e+002 2.73394928e+002
    3.51946320e+002 2.74432709e+002 3.87250885e+002 2.75278564e+002
    4.22472534e+002 2.76208832e+002 4.57975128e+002 2.76941101e+002
    4.92678009e+002 2.77700134e+002 5.26382629e+002 2.78189728e+002
    1.28210876e+002 2.97728302e+002 1.56409698e+002 2.99533051e+002
    1.86467422e+002 3.01199677e+002 2.17917816e+002 3.02545044e+002
    2.50356873e+002 3.03895081e+002 2.83542450e+002 3.05077698e+002
    3.16961761e+002 3.06425629e+002 3.50847443e+002 3.07452911e+002
    3.85523926e+002 3.08564850e+002 4.20275604e+002 3.09582397e+002
    4.54831207e+002 3.10407288e+002 4.88789063e+002 3.10945770e+002
    5.22377502e+002 3.11543610e+002 1.31823151e+002 3.27368683e+002
    1.59753372e+002 3.29672546e+002 1.88947784e+002 3.31807495e+002
    2.19780273e+002 3.33651276e+002 2.51360062e+002 3.35322510e+002
    2.83856506e+002 3.36845978e+002 3.16622162e+002 3.38221161e+002
    3.50092072e+002 3.39428314e+002 3.83772308e+002 3.40570190e+002
    4.17768982e+002 3.41609833e+002 4.51609558e+002 3.42436493e+002
    4.85231476e+002 3.43308502e+002 5.16655457e+002 3.42545471e+002
    1.36091309e+002 3.55617767e+002 1.63072083e+002 3.58448334e+002
    1.91813400e+002 3.61072479e+002 2.21705292e+002 3.63183624e+002
    2.52644241e+002 3.65285461e+002 2.84410522e+002 3.66718231e+002
    3.16570099e+002 3.68582306e+002 3.49157166e+002 3.69896759e+002
    3.82174652e+002 3.71293091e+002 4.15309814e+002 3.72361115e+002
    4.48453766e+002 3.73238647e+002 4.80306427e+002 3.72935486e+002
    5.11668365e+002 3.72757477e+002 1.47473801e+002 1.00872215e+002
    1.68572311e+002 9.84554901e+001 1.91614853e+002 9.61784897e+001
    2.17407837e+002 9.41585007e+001 2.45510529e+002 9.21739426e+001
    2.76636383e+002 9.04305420e+001 3.10221283e+002 8.88701553e+001
    3.46926270e+002 8.75978317e+001 3.86398376e+002 8.65394974e+001
    4.29189575e+002 8.61395569e+001 4.74136322e+002 8.65505295e+001
    5.20694153e+002 8.84586334e+001 5.66788696e+002 9.23074493e+001
    1.46333221e+002 1.30516983e+002 1.67033264e+002 1.29574921e+002
    1.90294220e+002 1.28807266e+002 2.15655975e+002 1.28315872e+002
    2.43683121e+002 1.27878746e+002 2.74050659e+002 1.27830704e+002
    3.07202454e+002 1.27847321e+002 3.43105103e+002 1.28276138e+002
    3.82115936e+002 1.28682953e+002 4.24031799e+002 1.29574387e+002
    4.68830109e+002 1.30972397e+002 5.15371887e+002 1.33574890e+002
    5.62282776e+002 1.37283081e+002 1.45362595e+002 1.59984024e+002
    1.66348114e+002 1.60414795e+002 1.89189606e+002 1.61049042e+002
    2.14526764e+002 1.61902588e+002 2.41799637e+002 1.63001678e+002
    2.72019196e+002 1.64373550e+002 3.04276276e+002 1.65936600e+002
    3.39444000e+002 1.67730728e+002 3.77444885e+002 1.69713303e+002
    4.18634857e+002 1.72033936e+002 4.62845306e+002 1.74827148e+002
    5.09421661e+002 1.78294952e+002 5.56224060e+002 1.82807465e+002
    1.45288940e+002 1.89074478e+002 1.65828247e+002 1.90586304e+002
    1.88701096e+002 1.92569611e+002 2.13308075e+002 1.94585541e+002
    2.40570908e+002 1.96976730e+002 2.69866516e+002 1.99807114e+002
    3.01638214e+002 2.02729584e+002 3.35660675e+002 2.05967361e+002
