<?xml version="1.0"?>
<opencv_storage>
<LaserCamera type_id="opencv-matrix">
  <rows>4</rows>
  <cols>4</cols>
  <dt>d</dt>
  <data>
    9.9634724945304709e-001 7.1634611309164403e-002
    4.6482695381533420e-002 -7.2268815052916118e+000
    7.1634611309164403e-002 -4.0483656670608714e-001
    -9.1157876056883458e-001 1.4172740266668748e+002
    -4.6482695381533420e-002 9.1157876056883458e-001
    -4.0848931725304016e-001 6.3509739866290147e+001 0. 0. 0. 1.</data></LaserCamera>
</opencv_storage>
